   2.5760763e+00   3.6512880e-01   0.0000000e+00
   8.6777403e-01   1.4215006e+00   0.0000000e+00
   5.7672364e-01   5.4320879e-01   0.0000000e+00
  -1.8146697e+00   7.7855021e-01   0.0000000e+00
   1.5490814e+00  -6.6584128e-01   0.0000000e+00
   1.3508749e-01   1.1034009e-01   0.0000000e+00
  -2.2962261e+00   4.2808875e-02   0.0000000e+00
   1.2801843e+00   3.8734422e-01   0.0000000e+00
   1.9264938e+00   6.5285595e-03   0.0000000e+00
   2.8660754e-01  -4.6738403e-01   0.0000000e+00
  -1.5578039e+00  -2.3394076e+00   0.0000000e+00
   4.8620514e-01  -2.9262563e+00   0.0000000e+00
  -8.3028282e-01  -1.4319117e-02   0.0000000e+00
  -1.1118197e+00  -1.2326661e+00   0.0000000e+00
   4.3166382e-01   1.6141703e+00   0.0000000e+00
  -1.0135547e+00  -5.9853741e-01   0.0000000e+00
  -1.1286072e+00  -1.8875487e-01   0.0000000e+00
   8.7116606e-01  -9.0474004e-01   0.0000000e+00
   1.6075648e-01   5.3820775e-01   0.0000000e+00
  -7.7294559e-01  -2.4652582e-01   0.0000000e+00
   1.3574552e+00  -5.5263848e-01   0.0000000e+00
  -1.9804943e+00   7.9503428e-01   0.0000000e+00
  -1.1153658e+00   1.5059490e+00   0.0000000e+00
  -3.1170345e+00  -2.5929071e-01   0.0000000e+00
  -6.8427467e-01  -4.5329084e-01   0.0000000e+00
   1.1862508e+00  -5.9378208e-01   0.0000000e+00
  -1.6743597e+00   1.6578769e+00   0.0000000e+00
   4.1512615e-01  -1.0596916e+00   0.0000000e+00
  -8.4348246e-01   3.1269660e-01   0.0000000e+00
   1.2242013e+00  -7.5617449e-01   0.0000000e+00
   7.0560639e-02  -4.4428863e-01   0.0000000e+00
  -1.7098351e+00   1.5168020e+00   0.0000000e+00
   1.1445895e+00  -2.2107663e+00   0.0000000e+00
   8.0058142e-01   1.2356569e+00   0.0000000e+00
  -1.0217629e+00  -1.4911237e-01   0.0000000e+00
   6.4764417e-01  -1.5823630e+00   0.0000000e+00
   5.7398897e-01   7.3628615e-01   0.0000000e+00
   5.5944027e-01   1.8316829e+00   0.0000000e+00
   4.1703959e-01   1.1462419e-01   0.0000000e+00
  -2.9757596e+00  -5.2377773e-02   0.0000000e+00
  -2.9019490e-01  -8.2602080e-01   0.0000000e+00
   1.6410318e+00  -4.7450637e-01   0.0000000e+00
   8.0611395e-01   1.6230451e-01   0.0000000e+00
   1.8565859e+00   1.5037730e+00   0.0000000e+00
   2.8741813e+00  -2.7421476e-01   0.0000000e+00
   2.2109187e-01   1.0622801e+00   0.0000000e+00
  -1.9815552e-01   1.2432348e+00   0.0000000e+00
   2.1387733e+00   8.8503477e-01   0.0000000e+00
   4.3962634e-01  -3.4780916e-02   0.0000000e+00
  -9.6687158e-01   1.2220204e+00   0.0000000e+00
  -1.1881534e-01  -2.0475575e+00   0.0000000e+00
   1.3336267e-01  -4.1249857e-01   0.0000000e+00
  -1.3146588e+00  -7.3156502e-01   0.0000000e+00
  -1.4089842e-01   2.5790558e-01   0.0000000e+00
  -1.4305457e+00  -2.4491275e-01   0.0000000e+00
   2.8726143e-01  -8.0859408e-01   0.0000000e+00
   1.4239599e+00   2.6512640e+00   0.0000000e+00
   5.7181899e-01   6.3621261e-01   0.0000000e+00
  -1.1652663e+00  -6.8394162e-01   0.0000000e+00
   9.1820339e-01   1.2319159e+00   0.0000000e+00
   8.6356151e-01   3.7699043e-01   0.0000000e+00
  -1.3564504e+00  -1.8046365e-01   0.0000000e+00
   7.9390865e-01  -9.7957122e-01   0.0000000e+00
  -2.9421385e+00  -1.0818066e+00   0.0000000e+00
   1.4704924e+00  -1.2921317e+00   0.0000000e+00
   6.4683593e-01   7.1272847e-01   0.0000000e+00
  -2.2289437e+00  -9.1044100e-01   0.0000000e+00
  -1.0799630e+00  -3.2168223e-01   0.0000000e+00
  -1.6977232e+00   9.3971149e-01   0.0000000e+00
  -7.3400013e-01   8.4983981e-01   0.0000000e+00
   2.5916872e+00  -1.9917191e-01   0.0000000e+00
   1.3789979e+00   3.8435225e-01   0.0000000e+00
   1.7750357e+00   2.1443958e+00   0.0000000e+00
   2.3802307e+00   3.8914947e-01   0.0000000e+00
   3.4768221e-01   1.1308718e+00   0.0000000e+00
   4.7026923e-01  -1.4351208e+00   0.0000000e+00
  -9.9402692e-03   4.4553219e-01   0.0000000e+00
   3.8828099e+00   9.8082887e-01   0.0000000e+00
   5.8795498e-01  -1.0118859e+00   0.0000000e+00
  -7.9417900e-01  -1.4152313e+00   0.0000000e+00
  -1.6263804e+00  -1.6071478e+00   0.0000000e+00
   8.1047269e-01  -1.0923846e+00   0.0000000e+00
   7.0195762e-02   1.4454363e+00   0.0000000e+00
   1.1421726e-01   1.3445203e+00   0.0000000e+00
   2.2016278e+00  -1.3247722e-01   0.0000000e+00
   5.1974706e-01  -1.2916027e+00   0.0000000e+00
   2.5602791e+00  -5.4753140e-01   0.0000000e+00
  -8.0388950e-02  -1.7285372e+00   0.0000000e+00
  -1.7060441e+00  -1.6169135e+00   0.0000000e+00
  -1.0365125e+00   8.4515851e-01   0.0000000e+00
   5.0792386e-01  -1.5080801e-01   0.0000000e+00
   2.4366569e+00   6.6770282e-02   0.0000000e+00
   2.0328292e+00  -9.1825033e-01   0.0000000e+00
   1.9833469e-01   6.1817777e-01   0.0000000e+00
  -1.1873435e+00   6.9079160e-01   0.0000000e+00
  -9.4021455e-01  -2.8292529e-01   0.0000000e+00
   1.4045815e+00  -1.6965403e-01   0.0000000e+00
  -1.1540190e+00  -3.0226975e-01   0.0000000e+00
  -2.0667006e-01   5.6901542e-02   0.0000000e+00
  -7.0150256e-01  -9.8085100e-01   0.0000000e+00
  -3.4009898e-01  -2.2033883e-01   0.0000000e+00
   1.2790125e+00  -2.6319311e+00   0.0000000e+00
  -1.8956373e+00   1.1028916e+00   0.0000000e+00
  -1.8690547e+00  -4.0107196e-01   0.0000000e+00
   2.8188242e+00   8.8027766e-01   0.0000000e+00
   1.3321782e+00  -6.9052411e-01   0.0000000e+00
   1.8908576e+00  -1.5427196e+00   0.0000000e+00
  -1.1935796e+00   6.5647689e-01   0.0000000e+00
  -1.2934908e+00   1.3168836e+00   0.0000000e+00
   1.1471906e+00  -8.7573185e-01   0.0000000e+00
   2.7303416e-01  -1.2291586e-01   0.0000000e+00
   4.4741753e-01  -1.0271286e+00   0.0000000e+00
   1.8200039e+00  -2.5352257e+00   0.0000000e+00
   2.6088258e-02  -7.2315773e-01   0.0000000e+00
   2.0337613e+00   2.4243491e+00   0.0000000e+00
   9.6376529e-01  -1.3666038e-01   0.0000000e+00
   7.4286639e-01  -6.6613215e-01   0.0000000e+00
   7.0873504e-01   5.4285685e-01   0.0000000e+00
  -9.7702490e-01  -2.2098472e-01   0.0000000e+00
   2.2429934e+00   6.4365608e-01   0.0000000e+00
   1.3879067e+00   9.2134491e-01   0.0000000e+00
   9.2100122e-01   8.1500455e-01   0.0000000e+00
  -1.0520039e+00   1.4464783e+00   0.0000000e+00
  -2.3522628e+00   1.0633852e+00   0.0000000e+00
  -4.9972475e-01  -1.3685600e+00   0.0000000e+00
   6.2425139e-01   2.8692106e-03   0.0000000e+00
  -5.3485882e-01  -4.1856760e-01   0.0000000e+00
  -1.3158338e+00   1.3500402e+00   0.0000000e+00
   1.5138042e+00   2.4458472e-01   0.0000000e+00
   3.3536680e+00   6.4706633e-01   0.0000000e+00
   2.1906834e+00  -1.6891399e+00   0.0000000e+00
  -1.9801166e-02   3.4828008e-01   0.0000000e+00
   1.5875061e+00  -2.6231085e-01   0.0000000e+00
   2.2240129e-01  -2.6296967e-01   0.0000000e+00
   1.9860151e+00  -1.2368295e+00   0.0000000e+00
  -9.8697025e-01   6.2475183e-01   0.0000000e+00
   7.5763895e-01   2.5141002e+00   0.0000000e+00
   1.3997956e+00   1.3821742e+00   0.0000000e+00
   5.4792193e-01   3.1713418e-01   0.0000000e+00
  -1.8220380e+00  -3.4694251e-01   0.0000000e+00
   1.9588792e+00  -1.0254410e+00   0.0000000e+00
  -3.5466503e-01  -1.0601637e+00   0.0000000e+00
  -8.7008523e-01   4.0722400e-02   0.0000000e+00
  -1.1315323e-01  -3.7622097e-02   0.0000000e+00
  -7.2398808e-01  -1.6875469e+00   0.0000000e+00
   3.5537218e-01  -1.5977825e-01   0.0000000e+00
   1.8969141e+00  -1.5795036e+00   0.0000000e+00
   1.6240569e+00   1.0015533e+00   0.0000000e+00
   1.1928406e+00  -1.2978628e-01   0.0000000e+00
   7.5400333e-02   1.0921150e+00   0.0000000e+00
   3.6216296e-02   1.5590694e-01   0.0000000e+00
   1.4589105e-01   9.6032711e-01   0.0000000e+00
   2.9021039e+00   3.7815529e-01   0.0000000e+00
   2.2312809e+00  -7.4830693e-02   0.0000000e+00
  -2.3367560e+00   2.6102937e-01   0.0000000e+00
  -7.3995127e-01   1.8679696e+00   0.0000000e+00
  -3.0676001e-01  -2.9513186e+00   0.0000000e+00
   1.3936770e+00  -1.3780854e+00   0.0000000e+00
   7.4877575e-01  -5.6079426e-01   0.0000000e+00
  -4.7858696e-01   6.6737541e-01   0.0000000e+00
  -5.9548970e-01   8.8318836e-01   0.0000000e+00
  -1.1115820e+00  -2.2006891e+00   0.0000000e+00
  -1.6416728e-01   8.1983083e-01   0.0000000e+00
   2.3460873e+00  -9.3214437e-01   0.0000000e+00
   2.0845051e+00   4.1087998e-01   0.0000000e+00
   2.3001269e-01  -1.8785811e-01   0.0000000e+00
   1.1993717e+00  -8.3453974e-01   0.0000000e+00
   1.2804426e+00  -1.7576681e-01   0.0000000e+00
  -1.1908945e+00   1.1232054e+00   0.0000000e+00
  -1.2441207e+00  -8.5688895e-01   0.0000000e+00
  -1.5945742e+00   1.0149669e+00   0.0000000e+00
   1.0987127e+00   2.1819574e-01   0.0000000e+00
  -4.7140217e-01   1.9622118e-01   0.0000000e+00
   8.4283068e-01   3.2087280e-01   0.0000000e+00
   2.5148556e+00  -5.2747703e-01   0.0000000e+00
   1.6610398e+00  -4.9538174e-02   0.0000000e+00
  -6.2893684e-01  -2.2531806e-01   0.0000000e+00
  -2.1732856e+00  -7.8579659e-01   0.0000000e+00
   1.2419416e+00  -1.0895318e+00   0.0000000e+00
   5.7911538e-01   3.3299410e-01   0.0000000e+00
   1.8393975e-01   5.3670031e-01   0.0000000e+00
   1.4702945e+00  -6.8572522e-01   0.0000000e+00
   3.7445489e-01  -6.3277218e-01   0.0000000e+00
   1.5774576e+00  -2.6282144e-02   0.0000000e+00
   1.2363671e+00  -5.2240930e-01   0.0000000e+00
  -1.1379296e+00   1.0415395e+00   0.0000000e+00
  -1.7527138e+00  -4.1548543e-02   0.0000000e+00
  -1.7986256e+00  -1.1850452e+00   0.0000000e+00
   1.8200292e+00   1.2111163e+00   0.0000000e+00
  -8.6143423e-02  -1.3415740e+00   0.0000000e+00
   5.7243525e-01  -3.3882578e-01   0.0000000e+00
  -7.5882999e-01   7.4644142e-01   0.0000000e+00
   1.1063475e+00   6.8930181e-01   0.0000000e+00
   6.1173455e-01  -1.1202659e+00   0.0000000e+00
   3.9436249e-01   1.4770306e-01   0.0000000e+00
   6.5267728e-01  -2.1935269e-01   0.0000000e+00
  -9.0722586e-01  -6.8690349e-01   0.0000000e+00
   1.7988791e+00  -4.5132368e-02   0.0000000e+00
  -3.4709278e-01   5.5780986e-01   0.0000000e+00
   2.4332763e+00   1.7309866e+00   0.0000000e+00
   9.6527202e-01  -7.1026520e-01   0.0000000e+00
  -1.3218617e-01   4.7254780e-01   0.0000000e+00
   1.0825226e+00  -3.0539457e-01   0.0000000e+00
  -3.8613684e-01  -1.7230618e+00   0.0000000e+00
  -6.0044760e-01  -1.0738022e+00   0.0000000e+00
   1.9118612e+00   3.4748994e-02   0.0000000e+00
  -6.2247515e-01   2.2521561e-01   0.0000000e+00
   9.8881806e-01   1.0521610e+00   0.0000000e+00
   1.6822379e+00   9.2582379e-01   0.0000000e+00
  -1.6220589e+00  -6.8659234e-01   0.0000000e+00
  -7.2476856e-01  -5.2269291e-01   0.0000000e+00
   2.3464396e+00  -4.0460429e-01   0.0000000e+00
   3.6011091e-02  -3.3772675e-01   0.0000000e+00
  -2.4766799e-01  -4.4403726e-02   0.0000000e+00
  -4.9117527e-01  -3.5403145e-03   0.0000000e+00
   7.3027563e-01  -3.2034994e-01   0.0000000e+00
  -1.7132303e+00  -4.2095953e-01   0.0000000e+00
  -9.9185269e-01   9.3720980e-01   0.0000000e+00
   3.8608453e+00   1.4952181e-02   0.0000000e+00
   1.8285180e+00   9.7892020e-01   0.0000000e+00
  -2.7421559e-01   5.8014774e-02   0.0000000e+00
  -8.5251441e-01  -9.8849457e-01   0.0000000e+00
  -3.9887011e-01   8.3218178e-01   0.0000000e+00
   3.2767044e-01  -1.4497977e+00   0.0000000e+00
   2.7723838e-01   2.1331630e+00   0.0000000e+00
  -7.5927335e-01  -8.6789123e-01   0.0000000e+00
  -6.1288966e-01   5.7047551e-01   0.0000000e+00
  -1.7351712e+00   6.5394457e-02   0.0000000e+00
  -1.7879146e-01   6.5380005e-01   0.0000000e+00
   1.8491076e+00  -9.4173957e-03   0.0000000e+00
  -1.0030594e+00  -8.3044423e-01   0.0000000e+00
  -3.3574387e-01  -2.2558893e-01   0.0000000e+00
  -1.1781142e+00  -6.5004805e-01   0.0000000e+00
   1.0078662e+00  -6.0716378e-01   0.0000000e+00
   2.0272623e-01   2.5386494e-01   0.0000000e+00
   1.5025021e+00   6.5768637e-01   0.0000000e+00
  -1.8749277e+00   3.6514624e-01   0.0000000e+00
   1.3975012e+00  -1.7522112e+00   0.0000000e+00
  -6.3003311e-01  -1.6155337e+00   0.0000000e+00
   1.1527995e+00  -1.1949566e+00   0.0000000e+00
  -4.0855542e-01   7.7729142e-01   0.0000000e+00
   1.5782841e+00   1.9625925e+00   0.0000000e+00
  -1.8338166e-01   6.3823188e-01   0.0000000e+00
   8.6043373e-01  -2.5015596e-01   0.0000000e+00
  -8.9939380e-01  -3.7134055e-01   0.0000000e+00
   1.5344540e+00  -9.8912166e-01   0.0000000e+00
   3.9168420e-01  -2.3200171e+00   0.0000000e+00
   9.3929865e-01  -5.9860139e-01   0.0000000e+00
  -1.7277921e+00   1.3538111e+00   0.0000000e+00
  -3.5374702e-01   8.3365782e-01   0.0000000e+00
   1.9673169e-01   1.5352023e+00   0.0000000e+00
   1.2984879e-01   2.1405973e+00   0.0000000e+00
   3.0266643e+00   7.5640980e-01   0.0000000e+00
   2.7117266e-01  -1.5198433e+00   0.0000000e+00
   5.3376524e-03  -1.6468231e+00   0.0000000e+00
  -1.4147419e+00   1.7466372e+00   0.0000000e+00
  -5.0468244e-01   6.5612110e-01   0.0000000e+00
   1.7682322e+00   8.0773840e-01   0.0000000e+00
   8.0588557e-02   1.1380554e+00   0.0000000e+00
   3.8546325e-01   1.1920639e-01   0.0000000e+00
   5.2167645e-01   9.9034106e-01   0.0000000e+00
   6.7505702e-01   1.2249930e+00   0.0000000e+00
   3.1019903e+00  -5.8871843e-01   0.0000000e+00
   1.4005402e+00  -9.5244477e-01   0.0000000e+00
   4.9836399e-01  -2.8414236e-01   0.0000000e+00
   5.2768214e-01  -6.4753517e-01   0.0000000e+00
   4.8106370e-01  -6.4194894e-01   0.0000000e+00
   8.8582352e-01  -2.6186246e+00   0.0000000e+00
   1.2670552e+00  -1.0096177e-02   0.0000000e+00
   6.0866449e-01  -6.0458808e-01   0.0000000e+00
  -1.1150557e+00  -8.7854194e-01   0.0000000e+00
   2.5762240e+00   7.9418861e-01   0.0000000e+00
   1.2663026e+00  -5.5909866e-01   0.0000000e+00
   3.3163191e-01  -7.6928726e-01   0.0000000e+00
  -2.4584221e+00   6.3999380e-01   0.0000000e+00
   7.0411566e-01  -5.6925872e-02   0.0000000e+00
   4.8213175e-01   5.3739543e-01   0.0000000e+00
   7.2101076e-01  -4.8110857e-02   0.0000000e+00
  -2.3514617e+00  -1.7147631e+00   0.0000000e+00
  -6.1935076e-01   4.0907648e-02   0.0000000e+00
   8.8667156e-01   4.0726737e-02   0.0000000e+00
   9.7758943e-01   9.5290592e-02   0.0000000e+00
   2.2482155e+00  -9.8068085e-02   0.0000000e+00
  -1.5617621e-01   4.6673100e-01   0.0000000e+00
  -9.5948165e-01  -3.9648346e-01   0.0000000e+00
  -2.3186630e-02  -6.5851406e-01   0.0000000e+00
  -1.9626946e+00  -1.8376739e+00   0.0000000e+00
   8.2963248e-01   8.9231478e-01   0.0000000e+00
  -1.0311001e+00  -1.0690124e+00   0.0000000e+00
   7.8671558e-01  -1.0685935e+00   0.0000000e+00
  -1.0804211e+00  -9.5925378e-01   0.0000000e+00
  -4.0787172e-01  -1.9548837e+00   0.0000000e+00
   9.5365333e-01   1.0317347e+00   0.0000000e+00
   3.6682968e-01   1.8567637e-01   0.0000000e+00
  -2.0524589e-02   1.0052509e+00   0.0000000e+00
   3.9902046e-01   4.0116868e-01   0.0000000e+00
  -1.7659391e+00   3.8532701e-01   0.0000000e+00
  -1.6358161e+00  -2.0380657e+00   0.0000000e+00
  -5.6912833e-01  -3.8262652e-01   0.0000000e+00
   7.1905551e-02   9.0773662e-01   0.0000000e+00
  -8.0917913e-01  -2.7262738e+00   0.0000000e+00
  -1.8773758e+00  -7.7590030e-01   0.0000000e+00
   1.1859658e+00  -4.0979134e-01   0.0000000e+00
  -1.8589774e+00  -1.8258642e+00   0.0000000e+00
  -1.2090108e+00   1.2576809e+00   0.0000000e+00
  -6.7998052e-01  -1.4463556e+00   0.0000000e+00
   1.2260660e+00  -1.0562430e+00   0.0000000e+00
  -2.3484781e+00  -4.2270707e-01   0.0000000e+00
  -2.1005539e+00  -1.1784023e+00   0.0000000e+00
  -1.7429758e+00  -1.3291450e+00   0.0000000e+00
  -5.8230975e-01   1.5983659e+00   0.0000000e+00
   1.2184060e+00   3.5674433e-01   0.0000000e+00
  -2.8018909e+00   1.0843391e+00   0.0000000e+00
   1.1821494e+00  -6.6697693e-01   0.0000000e+00
  -9.7603423e-01   1.6267454e+00   0.0000000e+00
   4.8366334e-01   3.2758567e-01   0.0000000e+00
  -2.5048578e+00   1.3525226e+00   0.0000000e+00
  -1.1565979e+00  -8.2310534e-01   0.0000000e+00
   6.4196652e-03   4.0275491e-01   0.0000000e+00
  -7.7053760e-01  -1.4064234e-01   0.0000000e+00
   2.0878832e+00  -7.0204837e-01   0.0000000e+00
  -3.7531724e+00   1.2358783e+00   0.0000000e+00
   5.7689797e-01   8.5826421e-01   0.0000000e+00
  -7.1036218e-01   1.7149700e-01   0.0000000e+00
   8.0546824e-01   9.0213531e-01   0.0000000e+00
   1.0534206e+00  -9.3902400e-01   0.0000000e+00
  -1.9087939e+00  -3.9427299e-01   0.0000000e+00
  -6.3301213e-01   9.5075323e-02   0.0000000e+00
  -5.5051878e-01  -3.2085716e-01   0.0000000e+00
   7.7118121e-01  -1.5019315e+00   0.0000000e+00
  -1.4184920e+00   6.0760882e-01   0.0000000e+00
   2.5267756e+00   8.4707012e-01   0.0000000e+00
   2.1636903e-02   3.4817954e-01   0.0000000e+00
   4.1689244e-01  -2.0422393e-01   0.0000000e+00
   1.3691599e-01   5.7838610e-01   0.0000000e+00
  -3.2897906e-01  -6.7320116e-01   0.0000000e+00
  -5.8371081e-01   9.1473755e-01   0.0000000e+00
  -1.0282160e+00   1.8446030e+00   0.0000000e+00
  -9.4783881e-01   1.9035940e+00   0.0000000e+00
   2.4447082e-01  -1.8301884e-01   0.0000000e+00
   1.5566575e+00  -1.0627125e+00   0.0000000e+00
  -2.7273872e+00  -1.1998514e+00   0.0000000e+00
  -1.8196518e-01   6.5243849e-01   0.0000000e+00
  -3.3428957e-01   1.0077177e+00   0.0000000e+00
  -1.8305171e+00   5.8084958e-01   0.0000000e+00
  -1.7388481e+00  -8.7191613e-01   0.0000000e+00
  -1.1544102e-01  -9.3325806e-01   0.0000000e+00
  -4.1130327e-01   1.7150826e+00   0.0000000e+00
  -5.4154530e-01  -7.3278091e-02   0.0000000e+00
   6.4997736e-01   3.0355371e-01   0.0000000e+00
   3.9057521e-01   2.0136280e+00   0.0000000e+00
  -3.0591845e-01   5.0883922e-01   0.0000000e+00
  -9.1934981e-01  -1.1794868e+00   0.0000000e+00
  -1.1844063e+00  -1.2852740e+00   0.0000000e+00
  -2.2400945e-01   1.1762923e+00   0.0000000e+00
  -5.5780219e-01  -4.8468230e-02   0.0000000e+00
  -5.9133498e-01  -3.8339823e-02   0.0000000e+00
  -4.1262333e-01   1.9749698e-01   0.0000000e+00
  -1.3421140e+00   1.8191182e+00   0.0000000e+00
  -1.1428418e+00  -8.9860280e-02   0.0000000e+00
  -1.2606519e+00  -2.4715005e+00   0.0000000e+00
   9.8075194e-02   2.3189869e-01   0.0000000e+00
   1.6299395e+00  -7.5912825e-02   0.0000000e+00
   2.3627807e+00  -1.2662446e+00   0.0000000e+00
   8.0913371e-01  -1.6131318e+00   0.0000000e+00
  -2.5933547e+00  -1.3047170e+00   0.0000000e+00
  -1.7352935e+00  -7.6038185e-01   0.0000000e+00
   4.6149445e-01   2.0755188e+00   0.0000000e+00
  -9.4708818e-01  -1.5230711e-01   0.0000000e+00
   9.8005993e-01  -1.8338988e-01   0.0000000e+00
   3.3800755e-01  -1.1088586e-01   0.0000000e+00
   1.1541664e+00  -8.3227505e-01   0.0000000e+00
   2.8247803e-01   1.5659487e+00   0.0000000e+00
   1.9291744e+00   2.9300290e-01   0.0000000e+00
  -1.4707384e+00   2.2616244e-01   0.0000000e+00
   1.7869785e+00  -1.1030952e+00   0.0000000e+00
  -4.8167976e-01  -3.7657318e-01   0.0000000e+00
   2.0225040e+00  -7.1528280e-02   0.0000000e+00
  -1.8397623e+00  -2.0009544e-01   0.0000000e+00
   9.7089799e-01  -4.8450148e-01   0.0000000e+00
  -1.2898874e+00   7.4033550e-01   0.0000000e+00
  -1.7185317e+00   6.3280407e-01   0.0000000e+00
  -8.4045126e-01  -1.3443638e+00   0.0000000e+00
  -9.2858112e-01   9.2195568e-01   0.0000000e+00
  -5.3573929e-01  -5.9849480e-01   0.0000000e+00
   1.0255681e+00  -7.2725115e-01   0.0000000e+00
  -2.6297918e-01  -7.0816735e-01   0.0000000e+00
   1.1475062e+00   1.0450597e+00   0.0000000e+00
   1.5329699e+00   3.7058870e-01   0.0000000e+00
  -7.5982091e-01  -1.1554187e+00   0.0000000e+00
   1.3687791e+00  -8.0731301e-01   0.0000000e+00
  -1.8936241e+00   1.0276122e+00   0.0000000e+00
  -1.7232680e+00   5.3753620e-02   0.0000000e+00
  -3.5954506e+00   8.6376202e-01   0.0000000e+00
  -3.4236675e-01   1.1315177e+00   0.0000000e+00
   1.8529983e+00   1.3431108e-01   0.0000000e+00
   9.5540344e-01  -1.7236670e-02   0.0000000e+00
  -3.9609157e-02  -3.1665223e-01   0.0000000e+00
  -5.9241153e-01  -3.9438968e-02   0.0000000e+00
   1.0439116e+00   3.1086348e-01   0.0000000e+00
  -8.6057714e-01   1.0874671e+00   0.0000000e+00
  -8.1627605e-01   3.1241061e-02   0.0000000e+00
   2.3979755e+00  -7.2738519e-01   0.0000000e+00
  -1.4972868e+00  -1.5485886e-02   0.0000000e+00
   1.7034970e+00  -3.0833215e+00   0.0000000e+00
  -8.1414318e-01  -3.1153506e+00   0.0000000e+00
  -2.2535257e+00   2.9163886e-01   0.0000000e+00
   1.9769819e+00  -3.4198370e-01   0.0000000e+00
   1.9634088e+00   4.3416863e-01   0.0000000e+00
  -3.9379529e+00  -1.3283773e+00   0.0000000e+00
   2.2063071e+00  -7.8967033e-01   0.0000000e+00
  -1.7811020e+00   9.7566059e-01   0.0000000e+00
  -1.1102550e+00   9.9770101e-01   0.0000000e+00
  -1.1484932e+00  -1.7322408e+00   0.0000000e+00
   5.7894475e-01  -1.4510796e+00   0.0000000e+00
  -6.4130779e-01   1.3536640e+00   0.0000000e+00
  -1.5526295e+00   1.2778788e+00   0.0000000e+00
   3.2766937e-01   2.3325299e+00   0.0000000e+00
   3.4151714e-01   5.0352453e-01   0.0000000e+00
  -1.2686741e+00   9.9442533e-01   0.0000000e+00
   2.5359743e-01  -3.3659480e-02   0.0000000e+00
   1.4681225e+00   2.9403235e-01   0.0000000e+00
   2.0919833e+00   3.8532641e-01   0.0000000e+00
  -1.5662830e+00  -1.4986476e+00   0.0000000e+00
   8.5783758e-01   9.1588838e-01   0.0000000e+00
  -1.2474614e-01  -3.9531946e-02   0.0000000e+00
  -4.6444850e-01   2.6631836e-01   0.0000000e+00
   1.0789281e+00   6.9462520e-01   0.0000000e+00
   1.0683823e-01   6.5016623e-01   0.0000000e+00
  -1.0297455e+00  -2.2160301e+00   0.0000000e+00
  -1.2748753e+00  -8.7792109e-01   0.0000000e+00
  -1.6119263e+00   2.0670102e-01   0.0000000e+00
  -1.2155049e+00   3.8593849e-01   0.0000000e+00
  -5.9661958e-01   1.5573237e-01   0.0000000e+00
   2.5506332e+00  -1.1257252e+00   0.0000000e+00
  -2.0478004e-01   8.1765688e-02   0.0000000e+00
  -2.1006158e-01  -9.0994349e-01   0.0000000e+00
   2.9465079e-01   1.6193159e+00   0.0000000e+00
  -2.1268334e+00   6.8725673e-01   0.0000000e+00
  -1.0799677e+00  -1.0391894e-01   0.0000000e+00
  -5.1232622e-01   8.1531630e-01   0.0000000e+00
   2.9177749e+00   1.0229878e-01   0.0000000e+00
  -2.1515295e+00  -3.4137252e-01   0.0000000e+00
   1.4743269e+00  -7.0863180e-01   0.0000000e+00
   6.7895063e-03  -1.0857825e+00   0.0000000e+00
  -1.2279160e+00  -5.2871377e-01   0.0000000e+00
  -1.0543478e+00   7.9746298e-01   0.0000000e+00
   5.1878847e-01  -1.8884510e+00   0.0000000e+00
  -2.9149811e+00   5.7005214e-01   0.0000000e+00
  -2.7841781e+00  -2.3263217e+00   0.0000000e+00
  -1.5787632e+00  -3.4005670e-02   0.0000000e+00
  -3.3901962e+00  -3.7694160e-01   0.0000000e+00
  -3.3076484e+00   9.0543389e-01   0.0000000e+00
   8.9064201e-01   2.9021015e-01   0.0000000e+00
   1.0397635e+00   2.2797574e+00   0.0000000e+00
   2.4263739e-01   3.3918182e-01   0.0000000e+00
  -9.7145749e-01   1.5540317e-01   0.0000000e+00
  -1.6258285e+00   1.5810343e-02   0.0000000e+00
  -2.2969421e+00   4.1568875e-01   0.0000000e+00
  -9.0145857e-01  -1.1480647e+00   0.0000000e+00
   3.4787113e-01  -4.4457841e-02   0.0000000e+00
  -8.2445539e-01  -3.5178026e-01   0.0000000e+00
   1.4131734e+00   2.1609016e+00   0.0000000e+00
  -1.2440859e-01   1.2589540e+00   0.0000000e+00
  -6.5547638e-01  -3.7102791e-01   0.0000000e+00
  -6.4991152e-01   7.2009005e-01   0.0000000e+00
   4.2188220e-01  -2.0182543e+00   0.0000000e+00
   2.2138172e+00   1.1465461e+00   0.0000000e+00
   7.4589088e-01  -2.7762174e-01   0.0000000e+00
   1.1155792e+00  -1.2509774e+00   0.0000000e+00
  -3.0401380e+00   1.5870825e+00   0.0000000e+00
   2.2020517e+00   1.9766034e-02   0.0000000e+00
   5.6234193e-01  -7.6147789e-01   0.0000000e+00
   1.0851773e+00   1.0679936e+00   0.0000000e+00
  -2.4862091e+00   9.7859774e-01   0.0000000e+00
   1.6114825e+00  -6.3309656e-01   0.0000000e+00
  -1.9050211e+00   7.8126533e-01   0.0000000e+00
   2.1647961e+00  -5.4795110e-01   0.0000000e+00
  -8.4597089e-01   6.0125079e-02   0.0000000e+00
   9.1264843e-01  -1.8130077e+00   0.0000000e+00
  -1.5829136e+00  -7.4575400e-01   0.0000000e+00
   3.1322945e-01   1.8698129e-01   0.0000000e+00
  -1.2287885e+00   8.9179073e-01   0.0000000e+00
  -1.8573860e+00  -3.2921751e-01   0.0000000e+00
   1.7698340e+00   6.6993398e-01   0.0000000e+00
   1.4401584e+00  -4.9222540e-02   0.0000000e+00
  -5.9156777e-01  -8.0247655e-01   0.0000000e+00
  -1.1144108e+00   1.2193370e+00   0.0000000e+00
  -5.9289975e-01   1.2458104e+00   0.0000000e+00
  -2.8725959e-01   3.5800789e-01   0.0000000e+00
  -4.0644139e-01   1.8505952e+00   0.0000000e+00
  -2.9665486e+00   2.0477189e-02   0.0000000e+00
  -1.0767497e+00   1.4620566e+00   0.0000000e+00
   2.6057335e-01   2.0368016e-01   0.0000000e+00
  -1.3519492e+00   8.7335091e-01   0.0000000e+00
  -2.1794538e+00   1.2506566e+00   0.0000000e+00
  -1.4675686e+00   6.9931054e-01   0.0000000e+00
   2.3862084e-01   7.6768802e-01   0.0000000e+00
  -5.7930592e-01   1.7610568e+00   0.0000000e+00
  -1.5318592e+00  -1.0407922e+00   0.0000000e+00
   2.3280236e+00   1.0130473e+00   0.0000000e+00
   1.9074632e+00   2.1651330e-01   0.0000000e+00
   4.3223080e-01   1.0875202e+00   0.0000000e+00
  -6.3911342e-01   2.0505842e+00   0.0000000e+00
   4.1836527e-01  -5.0946281e-02   0.0000000e+00
   1.0283308e+00   1.1357587e+00   0.0000000e+00
  -5.6481948e-01   1.2696328e+00   0.0000000e+00
  -1.6983753e+00  -6.0134355e-02   0.0000000e+00
   1.9444497e-01  -1.1771247e+00   0.0000000e+00
   2.4553195e+00   5.6115706e-01   0.0000000e+00
  -7.0175776e-01   2.1573370e-01   0.0000000e+00
  -1.0391445e+00  -1.5244104e+00   0.0000000e+00
  -1.2091243e+00   1.6835629e-01   0.0000000e+00
   2.8125246e+00   7.1732358e-02   0.0000000e+00
  -3.6227785e-02   1.5058909e+00   0.0000000e+00
  -1.9042097e+00  -1.1672074e+00   0.0000000e+00
  -4.5171995e-01   2.9905928e-01   0.0000000e+00
   1.9820996e+00  -1.6397636e+00   0.0000000e+00
   1.4685491e+00   4.2501814e-01   0.0000000e+00
  -3.2191649e-02   2.5727983e-01   0.0000000e+00
   1.3141717e+00  -5.5818045e-01   0.0000000e+00
   5.2409462e-01  -1.0853029e+00   0.0000000e+00
  -1.3155029e+00  -1.2766825e+00   0.0000000e+00
   1.2667236e+00   7.1157132e-02   0.0000000e+00
  -2.0242725e+00  -2.0226590e+00   0.0000000e+00
   1.8519971e+00   1.1524543e+00   0.0000000e+00
   8.6070097e-01  -1.3257494e+00   0.0000000e+00
   8.1722940e-01  -1.0906404e+00   0.0000000e+00
  -1.2573157e+00   1.0967203e+00   0.0000000e+00
  -3.2618139e-01   1.1348870e+00   0.0000000e+00
   6.3867543e-01  -8.9474856e-01   0.0000000e+00
   3.2954822e+00   6.8196590e-01   0.0000000e+00
  -6.0400280e-01  -6.1800575e-01   0.0000000e+00
  -1.3676177e+00   1.2322747e+00   0.0000000e+00
   1.7140481e+00   9.0632574e-01   0.0000000e+00
  -1.6890408e+00  -7.9926641e-01   0.0000000e+00
  -2.6065526e+00   2.2215322e-01   0.0000000e+00
   1.1550410e+00   2.5281415e-01   0.0000000e+00
  -1.8147300e-01   9.2301376e-01   0.0000000e+00
  -1.7626861e-01   6.1122663e-01   0.0000000e+00
   9.8150639e-01  -9.9414725e-02   0.0000000e+00
  -1.3328702e+00   1.2891414e+00   0.0000000e+00
  -3.8583359e+00   2.4432392e-01   0.0000000e+00
   1.8432604e+00  -8.4601940e-01   0.0000000e+00
   3.7672156e-01  -1.0517179e+00   0.0000000e+00
   9.7549066e-01  -1.6804448e+00   0.0000000e+00
   1.6334737e+00   1.1643567e+00   0.0000000e+00
   1.3822826e-01   3.3913071e-03   0.0000000e+00
  -3.2913687e-01  -4.4213421e-01   0.0000000e+00
  -2.0049122e+00   9.2218139e-01   0.0000000e+00
  -7.2275693e-01   3.2268109e-01   0.0000000e+00
  -1.4350018e+00  -1.5901485e+00   0.0000000e+00
  -2.5808999e+00   6.5624665e-01   0.0000000e+00
   5.2973222e-01   1.0136516e+00   0.0000000e+00
   2.6021878e+00   1.4498922e-01   0.0000000e+00
   1.6215843e+00  -3.8700209e-04   0.0000000e+00
  -2.7578103e+00  -9.1665283e-01   0.0000000e+00
   2.3780306e+00   8.1612727e-01   0.0000000e+00
  -1.3460988e+00  -1.4952418e+00   0.0000000e+00
   9.0236814e-01  -3.4295133e-01   0.0000000e+00
  -1.1056661e+00  -1.3615954e+00   0.0000000e+00
   1.3426232e+00  -2.6249531e+00   0.0000000e+00
   9.8769212e-02   2.5945113e-01   0.0000000e+00
  -3.3391971e-02  -1.6792192e+00   0.0000000e+00
  -1.7631014e-01   1.5247768e-01   0.0000000e+00
  -5.8082920e-01   1.7418409e+00   0.0000000e+00
  -8.5092932e-01  -1.5422169e+00   0.0000000e+00
  -3.8457172e-01   3.5912909e-01   0.0000000e+00
   7.1276028e-01  -2.7601758e-01   0.0000000e+00
  -2.0785461e+00  -9.9518769e-01   0.0000000e+00
  -7.5133418e-01   9.0288790e-01   0.0000000e+00
   5.4544799e-01   1.7589294e+00   0.0000000e+00
   1.8862582e-03  -4.6945090e-01   0.0000000e+00
   2.5069742e+00   2.2517156e-01   0.0000000e+00
  -8.3879637e-01  -4.4524732e-01   0.0000000e+00
  -8.5843571e-01   1.2066002e+00   0.0000000e+00
   2.4448505e+00   1.0938781e-01   0.0000000e+00
   1.6113535e+00   2.1647315e-01   0.0000000e+00
   1.0548735e+00   1.2292914e+00   0.0000000e+00
  -2.3007346e+00   9.2332966e-01   0.0000000e+00
  -4.4892542e-01  -6.4705659e-01   0.0000000e+00
   6.8849009e-01  -1.0256483e+00   0.0000000e+00
   1.2622782e+00   1.5806027e+00   0.0000000e+00
  -5.4404545e-01  -2.7308082e-01   0.0000000e+00
   3.7854459e-01  -1.9279067e+00   0.0000000e+00
   7.1925045e-01  -6.2181913e-01   0.0000000e+00
   9.6281596e-01  -2.3153169e-01   0.0000000e+00
   2.9670002e-01   4.5480865e-01   0.0000000e+00
  -5.8307576e-02  -6.9431694e-01   0.0000000e+00
   4.9884628e-01  -2.0680809e+00   0.0000000e+00
   1.3664514e+00   1.0314308e+00   0.0000000e+00
  -2.0416123e-01   1.1636073e+00   0.0000000e+00
   4.1262899e-01   2.1779260e+00   0.0000000e+00
   1.3832731e+00   2.6972041e-01   0.0000000e+00
  -1.4379106e+00   1.5072706e-01   0.0000000e+00
  -2.8457673e-01  -2.8862762e-01   0.0000000e+00
   1.3975999e-02   1.0082741e+00   0.0000000e+00
  -5.8263633e-01   7.5267227e-01   0.0000000e+00
  -2.2595730e-01  -3.1417048e-01   0.0000000e+00
   3.5143226e-01  -4.7253638e-02   0.0000000e+00
   6.8139100e-01  -1.2253341e+00   0.0000000e+00
  -6.2931132e-01  -8.9813842e-01   0.0000000e+00
  -1.9577053e+00   5.3938444e-01   0.0000000e+00
   3.4163129e-01  -1.6552762e+00   0.0000000e+00
   2.2685528e-01   2.2593380e-02   0.0000000e+00
  -3.4721331e-01   1.8702178e+00   0.0000000e+00
   2.1714789e+00   8.6390825e-01   0.0000000e+00
  -3.0798618e-02   3.7041385e-01   0.0000000e+00
  -7.7313986e-02   5.6869677e-01   0.0000000e+00
   2.6001564e+00   3.3544593e-01   0.0000000e+00
  -8.1441721e-01  -2.8325732e-01   0.0000000e+00
  -6.3888650e-01  -1.6529591e+00   0.0000000e+00
   1.4108250e+00  -2.0942289e-01   0.0000000e+00
   9.9203241e-01   1.2669060e+00   0.0000000e+00
   1.1487303e+00   1.5595486e-01   0.0000000e+00
   3.9004572e-01  -1.3733538e+00   0.0000000e+00
   3.4652592e+00  -9.5592913e-01   0.0000000e+00
  -9.5533118e-01  -9.3986362e-01   0.0000000e+00
   1.2867860e+00   2.6592049e+00   0.0000000e+00
  -4.1811990e-01  -5.1377131e-01   0.0000000e+00
  -1.3478150e+00   1.3406641e+00   0.0000000e+00
  -1.0193258e+00  -1.0783543e+00   0.0000000e+00
   3.1759187e+00   3.0460931e-01   0.0000000e+00
  -5.2632265e-01  -1.3016725e+00   0.0000000e+00
   1.2412357e+00   7.1880636e-01   0.0000000e+00
  -1.1374577e+00  -6.9967961e-01   0.0000000e+00
   7.9152480e-01  -7.5122951e-01   0.0000000e+00
   4.3769989e-01   1.2229619e+00   0.0000000e+00
   5.6461302e-01  -3.9144914e-01   0.0000000e+00
   8.1916092e-01  -1.2031635e+00   0.0000000e+00
  -1.2648276e+00   1.1101089e-01   0.0000000e+00
  -1.5489983e+00  -7.7289110e-01   0.0000000e+00
   6.0817409e-01   1.7853470e+00   0.0000000e+00
   6.2594453e-02  -2.4051440e-01   0.0000000e+00
   4.4950747e-01  -7.8535580e-02   0.0000000e+00
   1.9754091e+00  -1.3974942e+00   0.0000000e+00
  -5.6691438e-01   2.4585126e+00   0.0000000e+00
  -3.1919196e-01  -8.3932841e-02   0.0000000e+00
   1.4834120e+00  -8.2261962e-01   0.0000000e+00
  -8.2906165e-01  -2.4190313e+00   0.0000000e+00
   5.9709323e-01  -8.1518111e-01   0.0000000e+00
   7.4921394e-01   8.8408773e-01   0.0000000e+00
  -1.7685161e+00   8.8710900e-03   0.0000000e+00
   4.1554355e-01   1.0175081e+00   0.0000000e+00
   2.4209070e+00  -1.7691609e+00   0.0000000e+00
  -2.2913955e+00   6.4003163e-01   0.0000000e+00
  -1.0078012e+00  -9.1886304e-01   0.0000000e+00
  -1.6963642e+00   1.5565484e-01   0.0000000e+00
  -4.1429536e-01   1.5275143e+00   0.0000000e+00
  -1.9202714e+00   6.7913732e-01   0.0000000e+00
  -1.3103689e-01   2.6602464e-01   0.0000000e+00
   4.5767489e-01   7.7692892e-01   0.0000000e+00
  -2.6700771e-01   2.2430482e-01   0.0000000e+00
   7.5490297e-02   1.2999821e+00   0.0000000e+00
  -1.6587762e+00  -5.2862116e-01   0.0000000e+00
   5.7656205e-01  -1.4490347e+00   0.0000000e+00
  -3.3423090e-01   1.1546067e-01   0.0000000e+00
   1.9586979e+00  -9.6903266e-01   0.0000000e+00
   5.2974741e-01  -5.1953284e-01   0.0000000e+00
  -1.1944242e+00  -1.7557093e-01   0.0000000e+00
   1.3836605e+00   4.5926221e-01   0.0000000e+00
   1.7044457e+00   1.1613804e+00   0.0000000e+00
   3.6462565e-01   1.1254921e+00   0.0000000e+00
   1.5756232e-01   1.2922123e+00   0.0000000e+00
  -1.4491458e-01   1.6484403e+00   0.0000000e+00
  -2.7917113e+00  -1.3434259e+00   0.0000000e+00
  -2.0567634e-01   5.7586664e-01   0.0000000e+00
   6.7589943e-01   2.9013937e-01   0.0000000e+00
  -5.7237096e-01  -2.2701606e+00   0.0000000e+00
  -1.0172921e+00   1.2085056e+00   0.0000000e+00
  -1.7430131e+00  -6.8895113e-01   0.0000000e+00
  -1.7867131e+00  -3.4747908e-01   0.0000000e+00
  -1.5583297e+00  -5.9281655e-01   0.0000000e+00
  -1.1076046e+00  -8.4891536e-01   0.0000000e+00
   4.5898011e-01  -2.0959543e-01   0.0000000e+00
   2.9594239e+00   2.4113291e+00   0.0000000e+00
   1.9320745e+00  -4.4039222e-01   0.0000000e+00
   2.0334595e+00   1.0426802e-01   0.0000000e+00
   1.7111644e+00   7.3821715e-01   0.0000000e+00
   1.1345909e+00   8.9673949e-02   0.0000000e+00
   1.7126177e+00  -3.9316877e-01   0.0000000e+00
  -5.8883965e-01  -4.2171276e-02   0.0000000e+00
  -3.4390074e-01   5.6818146e-01   0.0000000e+00
   1.2951676e+00   1.2041375e+00   0.0000000e+00
  -5.6658600e-01   6.2945598e-01   0.0000000e+00
   9.9191251e-01   1.7761976e+00   0.0000000e+00
   1.1614915e+00   2.3272218e-01   0.0000000e+00
  -1.9126679e-01  -9.3461716e-01   0.0000000e+00
   1.1198026e+00   3.4852828e-01   0.0000000e+00
  -1.3855502e+00   5.4091865e-01   0.0000000e+00
  -9.8432414e-01  -1.1165026e-01   0.0000000e+00
  -2.4886814e+00   4.2050553e-01   0.0000000e+00
   3.2400698e-01   1.0639057e+00   0.0000000e+00
  -5.2511888e-01  -1.5244230e+00   0.0000000e+00
   8.5264990e-01  -2.3032014e-01   0.0000000e+00
  -5.2347605e-01   1.3250305e-01   0.0000000e+00
  -3.8853159e-01   6.2727842e-01   0.0000000e+00
   1.0897093e+00  -1.2332307e+00   0.0000000e+00
   1.9015613e+00  -8.0790743e-03   0.0000000e+00
   1.2164980e+00  -1.1457798e+00   0.0000000e+00
   6.1523223e+00   7.8016093e+00   1.0000000e+00
   3.4032955e+00   1.6174531e+00   1.0000000e+00
   6.6156736e+00   3.5401776e+00   1.0000000e+00
   4.8310092e+00   4.1011274e+00   1.0000000e+00
   5.9982582e+00   3.8162370e+00   1.0000000e+00
   5.3275586e+00   4.2010923e+00   1.0000000e+00
   6.3439012e+00   5.8122274e+00   1.0000000e+00
  -3.2218115e+00   2.4753469e+00   1.0000000e+00
   6.6629412e+00   6.0213697e+00   1.0000000e+00
   4.9241075e+00   2.6521412e+00   1.0000000e+00
  -3.0355713e+00   1.6982246e+00   1.0000000e+00
   6.6440848e+00   3.8201761e+00   1.0000000e+00
   5.9371655e+00   4.4162344e+00   1.0000000e+00
  -6.1941900e+00   4.1610584e-02   1.0000000e+00
   5.1696633e+00   4.7340551e+00   1.0000000e+00
   5.9087331e+00   4.5339875e+00   1.0000000e+00
  -4.5720049e+00   2.1100134e+00   1.0000000e+00
  -3.4594358e+00   1.9652617e+00   1.0000000e+00
  -3.2665909e+00   3.5838169e+00   1.0000000e+00
   7.3155780e+00   6.1174856e+00   1.0000000e+00
   7.1769410e+00   6.8493681e+00   1.0000000e+00
   5.1641462e+00   2.6653525e+00   1.0000000e+00
  -5.4201928e+00   1.1017797e+00   1.0000000e+00
   5.3837376e+00   4.9110002e+00   1.0000000e+00
   7.2031561e+00   4.6981392e+00   1.0000000e+00
   5.7176013e+00   5.5103047e+00   1.0000000e+00
   7.7104904e+00   5.5379279e+00   1.0000000e+00
   4.1546273e+00   3.4528393e+00   1.0000000e+00
  -3.6275787e+00   1.1215855e+00   1.0000000e+00
  -4.3007100e+00   2.1295422e+00   1.0000000e+00
   6.7086619e+00   3.7388053e+00   1.0000000e+00
  -3.8375641e+00   2.0147589e+00   1.0000000e+00
   6.4105010e+00   5.3258814e+00   1.0000000e+00
   7.1455397e+00   4.7518158e+00   1.0000000e+00
   6.6660005e+00   4.1690363e+00   1.0000000e+00
   7.1761114e+00   5.4492148e+00   1.0000000e+00
  -4.4711721e+00   2.0546772e+00   1.0000000e+00
   4.9485538e+00   5.6045558e+00   1.0000000e+00
   8.0974529e+00   4.0965212e+00   1.0000000e+00
  -5.3319343e+00   2.2736604e-01   1.0000000e+00
   6.3473241e+00   5.8881011e+00   1.0000000e+00
   7.2161043e+00   3.3564497e+00   1.0000000e+00
   5.0156871e+00   2.9670247e+00   1.0000000e+00
  -3.2045533e+00   3.1769100e+00   1.0000000e+00
   7.7341800e+00   3.8900521e+00   1.0000000e+00
  -5.7588951e+00   6.6699344e-01   1.0000000e+00
   5.9811022e+00   4.2343460e+00   1.0000000e+00
   3.9047022e+00   2.6495092e+00   1.0000000e+00
   6.0249495e+00   5.3622898e+00   1.0000000e+00
   4.5004099e+00   3.3439318e+00   1.0000000e+00
   3.7319362e+00   2.5616455e+00   1.0000000e+00
   6.0059280e+00   3.4853501e+00   1.0000000e+00
   6.6481165e+00   4.4959095e+00   1.0000000e+00
   3.1574114e+00   3.2261551e-01   1.0000000e+00
   8.1790370e+00   5.7470967e+00   1.0000000e+00
   6.9586192e+00   3.0603992e+00   1.0000000e+00
  -3.7186640e+00   2.1922918e+00   1.0000000e+00
  -4.6071850e+00   1.1718871e+00   1.0000000e+00
  -3.6227179e+00   2.9808308e+00   1.0000000e+00
  -3.4718449e+00   1.7611399e+00   1.0000000e+00
   6.6894611e+00   2.9331448e+00   1.0000000e+00
   6.2207911e+00   4.1676068e+00   1.0000000e+00
   9.1377074e+00   5.5948970e+00   1.0000000e+00
  -4.0572821e+00   1.5014855e+00   1.0000000e+00
  -3.1499930e+00   2.6788272e+00   1.0000000e+00
  -4.0741136e+00   3.2083713e+00   1.0000000e+00
   5.7499210e+00   3.1294327e+00   1.0000000e+00
   6.0375947e+00   4.6157217e+00   1.0000000e+00
  -2.9718356e+00   2.3969177e+00   1.0000000e+00
   5.9527131e+00   5.1157027e+00   1.0000000e+00
   5.9863114e+00   4.5086640e+00   1.0000000e+00
  -4.3709131e+00   9.9731890e-01   1.0000000e+00
   5.7551777e+00   4.6002226e+00   1.0000000e+00
   6.2683478e+00   3.7915389e+00   1.0000000e+00
   4.1195236e+00   2.9053671e+00   1.0000000e+00
   5.8246948e+00   4.0244680e+00   1.0000000e+00
   6.2745817e+00   2.6536631e+00   1.0000000e+00
  -6.0122059e+00   5.8914811e-02   1.0000000e+00
   3.8111663e+00   3.4300381e+00   1.0000000e+00
   6.2985424e+00   2.7623180e+00   1.0000000e+00
   5.4156746e+00   3.9672779e+00   1.0000000e+00
   6.9786889e+00   4.7150106e+00   1.0000000e+00
   3.4364239e+00   4.0544705e+00   1.0000000e+00
  -4.3549905e+00   2.2521705e+00   1.0000000e+00
   6.8554953e+00   3.0831915e+00   1.0000000e+00
   5.1369691e+00   2.9536028e+00   1.0000000e+00
   5.3370146e+00   4.8619695e+00   1.0000000e+00
   5.9810144e+00   5.0903660e+00   1.0000000e+00
   6.2946361e+00   2.4957111e+00   1.0000000e+00
   5.5945022e+00   4.5105555e+00   1.0000000e+00
  -5.8523296e+00   7.3135778e-01   1.0000000e+00
   3.6357054e+00   4.1277190e+00   1.0000000e+00
   7.1691872e+00   5.7076663e+00   1.0000000e+00
   3.6292178e+00   3.6721089e+00   1.0000000e+00
  -1.5128892e+00   3.2419711e+00   1.0000000e+00
   5.7802399e+00   3.5467907e+00   1.0000000e+00
   5.5573081e+00   2.3954267e+00   1.0000000e+00
  -4.5145979e+00   1.0815226e+00   1.0000000e+00
   6.1551704e+00   3.7314764e+00   1.0000000e+00
   5.2676444e+00   4.0693833e+00   1.0000000e+00
   5.7915479e+00   2.0617880e+00   1.0000000e+00
   5.3144671e+00   4.2004698e+00   1.0000000e+00
   5.4660584e+00   3.4483545e+00   1.0000000e+00
   3.7516810e+00   3.4982139e+00   1.0000000e+00
  -3.7729537e+00   3.5878624e+00   1.0000000e+00
  -6.0889013e+00   8.8019352e-01   1.0000000e+00
   6.1646131e+00   2.4705975e+00   1.0000000e+00
  -3.6701377e+00   2.4673228e+00   1.0000000e+00
  -1.6350852e+00   3.5972669e+00   1.0000000e+00
   6.5402515e+00   3.8261812e+00   1.0000000e+00
   4.7952901e+00   1.8437305e+00   1.0000000e+00
   7.6698409e+00   3.9599276e+00   1.0000000e+00
   5.5632841e+00   1.5409553e+00   1.0000000e+00
  -3.5259845e+00   2.5789852e+00   1.0000000e+00
   8.4585055e+00   7.2941019e+00   1.0000000e+00
  -5.9599629e+00   1.3805088e-01   1.0000000e+00
  -4.6414175e+00   2.0539993e+00   1.0000000e+00
   4.4207593e+00   1.6861890e+00   1.0000000e+00
   2.6626121e+00   2.9895041e-01   1.0000000e+00
   4.5543292e+00   3.6674645e+00   1.0000000e+00
   3.5672925e+00   2.4561316e+00   1.0000000e+00
   6.5150052e+00   6.3846745e+00   1.0000000e+00
  -3.2408543e+00   2.6484354e+00   1.0000000e+00
   7.6414292e+00   4.9435779e+00   1.0000000e+00
  -3.0922016e+00   1.8832705e+00   1.0000000e+00
  -4.4370231e+00   2.6205391e-01   1.0000000e+00
   5.4960271e+00   5.4912557e+00   1.0000000e+00
   5.7943256e+00   7.7503842e+00   1.0000000e+00
   5.5355249e+00   3.8525636e+00   1.0000000e+00
   7.4833175e+00   4.1900500e+00   1.0000000e+00
  -2.4910754e+00   4.0209333e+00   1.0000000e+00
   8.5201829e+00   7.0328580e+00   1.0000000e+00
  -4.5740771e+00   1.5941332e+00   1.0000000e+00
   4.4091329e+00   3.8436126e+00   1.0000000e+00
   7.6598372e+00   3.6435693e+00   1.0000000e+00
   5.8499387e+00   5.9930695e+00   1.0000000e+00
   6.1298608e+00   5.3018694e+00   1.0000000e+00
   8.7652157e+00   5.0389515e+00   1.0000000e+00
   4.6429517e+00   4.2733528e+00   1.0000000e+00
  -4.9708828e+00   1.2653568e+00   1.0000000e+00
   6.6430647e+00   3.7604261e+00   1.0000000e+00
   4.9064982e+00   3.5929323e+00   1.0000000e+00
   4.7564210e+00   1.4043676e+00   1.0000000e+00
  -4.9236648e+00   9.5936578e-01   1.0000000e+00
   5.2703890e+00   4.7084731e+00   1.0000000e+00
   6.8205386e+00   4.3110067e+00   1.0000000e+00
   7.4494345e+00   6.2373271e+00   1.0000000e+00
   7.6651764e+00   5.3802404e+00   1.0000000e+00
   3.8213344e+00   2.6722441e+00   1.0000000e+00
  -3.2161295e+00   2.5904459e+00   1.0000000e+00
   5.7834292e+00   3.0686355e+00   1.0000000e+00
   9.2364947e+00   6.9326811e+00   1.0000000e+00
   5.7846134e+00   2.5656616e+00   1.0000000e+00
   4.7600040e+00   2.5250158e+00   1.0000000e+00
  -4.8849650e+00   1.3073099e+00   1.0000000e+00
   4.7072971e+00   3.8585679e+00   1.0000000e+00
   7.0671738e+00   5.5391108e+00   1.0000000e+00
   7.5391291e+00   4.1902088e+00   1.0000000e+00
  -4.1797784e+00   1.3043625e+00   1.0000000e+00
   5.0610924e+00   2.9467383e+00   1.0000000e+00
   6.8762250e+00   4.4381156e+00   1.0000000e+00
  -4.5177328e+00   1.9649787e+00   1.0000000e+00
   4.6190911e+00   3.4212274e+00   1.0000000e+00
   8.4956905e+00   5.9392243e+00   1.0000000e+00
   6.9049890e+00   4.9862963e+00   1.0000000e+00
   6.7849881e+00   5.4096745e+00   1.0000000e+00
   6.2214723e+00   5.3654329e+00   1.0000000e+00
   6.8977999e+00   5.0992567e+00   1.0000000e+00
   3.3126205e+00   1.8951683e+00   1.0000000e+00
  -3.1212756e+00   3.8090624e+00   1.0000000e+00
  -4.9573916e+00   6.3819411e-01   1.0000000e+00
   6.8650863e+00   5.7923531e+00   1.0000000e+00
  -3.9155812e+00   2.0207310e+00   1.0000000e+00
   5.3875542e+00   4.9536236e+00   1.0000000e+00
  -4.4496741e+00   1.9255880e+00   1.0000000e+00
   3.5859089e+00   4.1132545e+00   1.0000000e+00
   6.9423760e+00   3.9385122e+00   1.0000000e+00
  -1.2546927e+00   3.3713097e+00   1.0000000e+00
   6.1331513e+00   3.1621687e+00   1.0000000e+00
  -2.5809406e+00   2.0164366e+00   1.0000000e+00
   4.5075109e+00   2.9483206e+00   1.0000000e+00
  -2.4887332e+00   2.5732000e+00   1.0000000e+00
  -4.1270384e+00   1.6872657e+00   1.0000000e+00
   5.5593646e+00   5.1939130e+00   1.0000000e+00
   7.3622824e+00   4.7250899e+00   1.0000000e+00
   5.5804227e+00   4.7866623e+00   1.0000000e+00
   5.3722336e+00   3.2696850e+00   1.0000000e+00
   4.0060301e+00   3.8590407e+00   1.0000000e+00
   5.2911829e+00   3.7044936e+00   1.0000000e+00
   6.4339475e+00   5.4394051e+00   1.0000000e+00
   5.5319120e+00   2.3390522e+00   1.0000000e+00
   5.1331175e+00   5.5105981e+00   1.0000000e+00
   5.1657249e+00   4.1143793e+00   1.0000000e+00
   7.3663023e+00   4.3072098e+00   1.0000000e+00
   6.1055378e+00   2.2087993e+00   1.0000000e+00
   6.9978564e+00   5.0036460e+00   1.0000000e+00
   5.2193167e+00   4.4512409e+00   1.0000000e+00
   8.7328491e+00   4.9294256e+00   1.0000000e+00
   8.1661320e+00   5.0038993e+00   1.0000000e+00
  -4.4760610e+00   1.9198328e+00   1.0000000e+00
  -3.3395087e+00   8.9915200e-01   1.0000000e+00
  -5.4840146e+00   1.3648336e+00   1.0000000e+00
   5.7189927e+00   4.9562397e+00   1.0000000e+00
  -4.3565961e+00   7.2828251e-01   1.0000000e+00
   8.2233433e+00   4.9658624e+00   1.0000000e+00
   7.1256134e+00   5.1927028e+00   1.0000000e+00
  -5.4759145e+00   5.4493500e-01   1.0000000e+00
  -3.9720002e+00   1.7918258e+00   1.0000000e+00
  -2.8404779e+00   2.3546343e+00   1.0000000e+00
  -3.7927637e+00   1.2118267e+00   1.0000000e+00
   4.4612802e+00   4.4594288e+00   1.0000000e+00
   2.1088146e+00   4.0675231e+00   1.0000000e+00
   4.9067931e+00   4.4756456e+00   1.0000000e+00
   5.1765553e+00   4.0343475e+00   1.0000000e+00
   6.4383770e+00   3.2136198e+00   1.0000000e+00
   3.9068682e+00   1.0243367e+00   1.0000000e+00
   7.1848176e+00   5.0824649e+00   1.0000000e+00
   5.2069981e+00   4.8603812e+00   1.0000000e+00
   6.1504144e+00   4.9180902e+00   1.0000000e+00
   7.0317162e+00   5.1206881e+00   1.0000000e+00
  -3.9852782e+00   2.8008952e+00   1.0000000e+00
   7.6524135e+00   4.7547193e+00   1.0000000e+00
   6.6005931e+00   4.2330041e+00   1.0000000e+00
   4.6064267e+00   5.1997476e+00   1.0000000e+00
  -5.2349423e+00   1.1032006e+00   1.0000000e+00
   7.4192804e+00   5.7321818e+00   1.0000000e+00
   5.7333766e+00   4.2101187e+00   1.0000000e+00
   5.2750397e+00   3.9256571e+00   1.0000000e+00
   6.5356325e+00   4.2859711e+00   1.0000000e+00
  -5.3011347e+00   1.6733703e+00   1.0000000e+00
  -4.1683541e+00   2.1861059e+00   1.0000000e+00
   5.9126551e+00   6.8392578e+00   1.0000000e+00
  -3.5092901e+00   2.2790547e+00   1.0000000e+00
   4.6459510e+00   4.6234081e+00   1.0000000e+00
   7.6706208e+00   4.1166603e+00   1.0000000e+00
  -3.0321865e+00   1.3646798e+00   1.0000000e+00
   5.9294140e+00   5.8983949e+00   1.0000000e+00
   6.3920251e+00   2.6840816e+00   1.0000000e+00
   3.5676689e+00   2.9321047e+00   1.0000000e+00
   5.3228822e+00   3.6886450e+00   1.0000000e+00
   5.6832302e+00   3.8034868e+00   1.0000000e+00
   5.5245526e+00   5.1361608e+00   1.0000000e+00
  -3.5928987e+00   2.1444251e+00   1.0000000e+00
   9.9255956e+00   8.0312095e+00   1.0000000e+00
   5.1153451e+00   5.2019014e+00   1.0000000e+00
   8.2846284e+00   4.8973137e+00   1.0000000e+00
   1.0365064e+01   5.3224893e+00   1.0000000e+00
   6.1582235e+00   1.5099837e+00   1.0000000e+00
   4.6602807e+00   4.2469982e+00   1.0000000e+00
  -2.4064712e+00   2.5578529e+00   1.0000000e+00
  -3.6634822e+00   2.8120081e+00   1.0000000e+00
   3.7876008e+00   3.8329861e+00   1.0000000e+00
  -4.3399345e+00   1.5410738e+00   1.0000000e+00
   6.4826472e+00   2.7974357e+00   1.0000000e+00
   4.6221707e+00   2.9569488e+00   1.0000000e+00
   8.0122811e+00   5.4139464e+00   1.0000000e+00
   4.9531603e+00   3.7807685e+00   1.0000000e+00
   5.7197574e+00   4.1450380e+00   1.0000000e+00
   5.7653696e+00   3.1425672e+00   1.0000000e+00
  -2.3984273e+00   2.8939893e+00   1.0000000e+00
   5.5998265e+00   3.4066296e+00   1.0000000e+00
  -3.6869579e+00   2.3251516e+00   1.0000000e+00
  -1.8298941e+00   2.9624219e+00   1.0000000e+00
   7.1332916e+00   6.9016655e+00   1.0000000e+00
  -2.1960250e+00   2.8078444e+00   1.0000000e+00
   6.7457203e+00   6.7063496e+00   1.0000000e+00
   5.5930308e+00   4.1466199e+00   1.0000000e+00
   4.0336282e+00   3.2616727e+00   1.0000000e+00
  -6.2439961e+00  -2.1323263e-01   1.0000000e+00
   5.6221373e+00   3.1233530e+00   1.0000000e+00
   7.8768670e+00   5.0341302e+00   1.0000000e+00
  -4.5252523e+00   1.2848761e+00   1.0000000e+00
  -6.3579876e+00   5.1625359e-01   1.0000000e+00
   5.4578635e+00   4.1284349e+00   1.0000000e+00
  -5.1190800e+00   8.9194522e-01   1.0000000e+00
  -3.2395399e+00   2.8215589e+00   1.0000000e+00
  -4.2746343e+00   1.3332967e+00   1.0000000e+00
  -3.1505038e+00   3.5800156e+00   1.0000000e+00
   4.1492441e+00   3.8595457e+00   1.0000000e+00
   6.7025556e+00   5.1941450e+00   1.0000000e+00
   6.3878116e+00   5.3972770e+00   1.0000000e+00
  -4.8981983e+00   8.8283223e-01   1.0000000e+00
  -3.4781941e+00   4.0547202e+00   1.0000000e+00
   4.3981181e+00   1.6991356e+00   1.0000000e+00
   8.4261444e+00   4.8315523e+00   1.0000000e+00
   6.4474825e+00   3.8685298e+00   1.0000000e+00
   6.4314261e+00   6.6254015e+00   1.0000000e+00
   5.6488766e+00   4.2469022e+00   1.0000000e+00
  -4.2567972e+00   1.4347543e+00   1.0000000e+00
  -4.3083024e+00   1.7146586e+00   1.0000000e+00
   4.0955783e+00   4.1247122e+00   1.0000000e+00
  -2.9177166e+00   3.0919395e+00   1.0000000e+00
  -5.0070817e+00   1.7654367e+00   1.0000000e+00
   6.5103153e+00   3.8520854e+00   1.0000000e+00
  -4.5197438e+00   1.3220190e+00   1.0000000e+00
   7.3766978e+00   5.4017304e+00   1.0000000e+00
   5.2280543e+00   4.6876199e+00   1.0000000e+00
   7.6589930e+00   7.1354961e+00   1.0000000e+00
   7.7040980e+00   6.3201799e+00   1.0000000e+00
   4.7095168e+00   2.3398119e+00   1.0000000e+00
   6.5518857e+00   5.3367697e+00   1.0000000e+00
  -2.2582760e+00   1.8938421e+00   1.0000000e+00
   4.7398418e+00   2.3716805e+00   1.0000000e+00
   6.6023112e+00   3.3082735e+00   1.0000000e+00
  -1.8770243e+00   4.9190392e+00   1.0000000e+00
   6.3287275e+00   4.2258911e+00   1.0000000e+00
   8.6720008e+00   5.2265080e+00   1.0000000e+00
   7.6485113e+00   3.5590428e+00   1.0000000e+00
  -2.9154410e+00   3.4326192e+00   1.0000000e+00
   5.1521056e+00   2.3078908e+00   1.0000000e+00
   7.4875387e+00   2.3019276e+00   1.0000000e+00
   6.4187146e+00   3.9691477e+00   1.0000000e+00
   4.3130071e+00   3.9670615e+00   1.0000000e+00
   6.0563433e+00   3.5243145e+00   1.0000000e+00
  -4.4576220e+00   1.2214441e+00   1.0000000e+00
   5.0150565e+00   3.5476178e+00   1.0000000e+00
   6.6110359e+00   5.6488002e+00   1.0000000e+00
   6.0328374e+00   3.2118771e+00   1.0000000e+00
   4.5179867e+00   2.8517843e+00   1.0000000e+00
  -6.6784711e+00  -3.8923806e-01   1.0000000e+00
  -5.2246218e+00   1.2107022e-01   1.0000000e+00
  -4.6299115e+00   1.5910784e+00   1.0000000e+00
  -4.0619004e+00   1.8647807e+00   1.0000000e+00
   7.1386173e+00   2.0060775e+00   1.0000000e+00
   6.9340226e+00   5.0592866e+00   1.0000000e+00
   6.1295132e+00   2.5360439e+00   1.0000000e+00
  -4.2957865e+00   1.9332537e+00   1.0000000e+00
   7.5471535e+00   4.9722621e+00   1.0000000e+00
   4.7159957e+00   2.4347502e+00   1.0000000e+00
   5.1519806e+00   2.9681344e+00   1.0000000e+00
   6.2438812e+00   5.2485145e+00   1.0000000e+00
   6.0024355e+00   2.8609047e+00   1.0000000e+00
   6.6902130e+00   5.0059273e+00   1.0000000e+00
  -5.0960123e+00   6.7914729e-01   1.0000000e+00
   5.8319569e+00   3.7438162e+00   1.0000000e+00
   7.5341840e+00   5.1845388e+00   1.0000000e+00
   8.7934405e+00   4.0639997e+00   1.0000000e+00
   6.8979485e+00   1.5140797e+00   1.0000000e+00
   6.1001439e+00   3.4812418e+00   1.0000000e+00
  -1.4180925e+00   2.8433459e+00   1.0000000e+00
   8.2107898e+00   5.6435955e+00   1.0000000e+00
  -5.6352044e+00   1.1664219e+00   1.0000000e+00
   4.8491134e+00   3.4079096e+00   1.0000000e+00
   8.2885394e+00   8.3801690e+00   1.0000000e+00
   6.9898334e+00   3.7829641e+00   1.0000000e+00
   8.8999758e+00   4.7386115e+00   1.0000000e+00
   4.4294869e+00   3.3302116e+00   1.0000000e+00
  -2.5113166e+00   2.9117508e+00   1.0000000e+00
   6.2570896e+00   4.7241443e+00   1.0000000e+00
   7.1838085e+00   4.6326279e+00   1.0000000e+00
  -2.4311348e+00   3.3769787e+00   1.0000000e+00
   8.6722157e+00   3.4285798e+00   1.0000000e+00
  -3.1013551e+00   2.6534688e+00   1.0000000e+00
   3.7109914e+00   3.9832095e+00   1.0000000e+00
   6.0959216e+00   3.9355841e+00   1.0000000e+00
   8.0414002e+00   4.4131271e+00   1.0000000e+00
   7.5830832e+00   2.8738630e+00   1.0000000e+00
   4.7989835e+00   3.4662154e+00   1.0000000e+00
  -5.8620628e+00   7.8473365e-01   1.0000000e+00
  -4.2894262e+00   2.2958343e+00   1.0000000e+00
   5.3161389e+00   5.6626979e+00   1.0000000e+00
   2.7545802e+00   4.2584051e+00   1.0000000e+00
   2.7192868e+00   2.2989454e+00   1.0000000e+00
   5.4571399e+00   3.6562865e+00   1.0000000e+00
   6.6056929e+00   6.2406923e+00   1.0000000e+00
  -4.4484822e+00   9.2449639e-01   1.0000000e+00
   5.8325888e+00   2.4347909e+00   1.0000000e+00
   9.0086144e+00   3.8353441e+00   1.0000000e+00
   6.2170388e+00   4.4567257e+00   1.0000000e+00
  -3.5070825e+00   3.4601725e+00   1.0000000e+00
   6.7771660e+00   6.2062169e+00   1.0000000e+00
   6.1848797e+00   5.4328259e+00   1.0000000e+00
   4.5793601e+00   3.6319686e+00   1.0000000e+00
  -2.7708230e+00   2.9341471e+00   1.0000000e+00
   5.6056806e+00   3.4181765e+00   1.0000000e+00
   5.6568499e+00   3.4758380e+00   1.0000000e+00
   3.2247818e+00   1.0477018e+00   1.0000000e+00
   6.3251258e+00   3.5341034e+00   1.0000000e+00
   5.6668101e+00   4.2611523e+00   1.0000000e+00
   6.7958012e+00   6.4829500e+00   1.0000000e+00
   3.1017253e+00   3.0309045e+00   1.0000000e+00
   4.0699951e+00   2.4299761e+00   1.0000000e+00
   8.2498234e+00   5.3522083e+00   1.0000000e+00
   5.8682388e+00   5.0152323e+00   1.0000000e+00
  -5.1903009e+00   3.6958815e-02   1.0000000e+00
  -2.4126144e+00   4.1827755e+00   1.0000000e+00
   4.7601876e+00   2.7547413e+00   1.0000000e+00
   5.0410548e+00   3.8960435e+00   1.0000000e+00
   8.6189482e+00   5.3301388e+00   1.0000000e+00
   6.3871365e+00   3.7418762e+00   1.0000000e+00
   4.9683221e+00   2.2110228e+00   1.0000000e+00
   6.5354099e+00   5.3233506e+00   1.0000000e+00
   5.8321353e+00   3.2488821e+00   1.0000000e+00
   6.7253305e+00   3.8084065e+00   1.0000000e+00
   6.9398395e+00   4.1571983e+00   1.0000000e+00
   4.8436253e+00   2.2417577e+00   1.0000000e+00
   6.0451953e+00   4.6867927e+00   1.0000000e+00
   6.2026571e+00   2.1019997e+00   1.0000000e+00
   6.1912576e+00   4.0867158e+00   1.0000000e+00
   5.5581985e+00   4.5254864e+00   1.0000000e+00
  -2.5354958e+00   3.7150445e+00   1.0000000e+00
   6.3575906e+00   4.3316388e+00   1.0000000e+00
   6.8209202e+00   5.4634510e+00   1.0000000e+00
   6.0741783e+00   4.4942401e+00   1.0000000e+00
   6.3234247e+00   5.2845048e+00   1.0000000e+00
   5.2577641e+00   3.4359270e+00   1.0000000e+00
  -5.6116211e+00   9.5152547e-01   1.0000000e+00
   5.8770692e+00   5.1923267e+00   1.0000000e+00
   3.2446680e+00   2.8853870e+00   1.0000000e+00
  -3.5420262e+00   2.2475863e+00   1.0000000e+00
   7.1591507e+00   4.2525391e+00   1.0000000e+00
   8.1215965e+00   5.5950093e+00   1.0000000e+00
  -5.3075960e+00   1.0832742e+00   1.0000000e+00
   7.5647904e+00   5.6109086e+00   1.0000000e+00
   5.3571531e+00   3.4179069e+00   1.0000000e+00
  -2.9364566e+00   1.9563242e+00   1.0000000e+00
  -3.4469329e+00   1.8893955e+00   1.0000000e+00
   7.5840330e+00   5.1681982e+00   1.0000000e+00
  -4.4151262e+00   2.3432158e+00   1.0000000e+00
   5.7384398e+00   2.2601085e+00   1.0000000e+00
   7.4598972e+00   5.7014784e+00   1.0000000e+00
   5.7939922e+00   2.7304627e+00   1.0000000e+00
   6.8403798e+00   4.7342229e+00   1.0000000e+00
   6.5800197e+00   6.1628874e+00   1.0000000e+00
   2.9035408e+00   5.0109007e+00   1.0000000e+00
  -4.2855083e+00   2.1977223e+00   1.0000000e+00
   6.7899678e+00   4.9103294e+00   1.0000000e+00
   5.1013836e+00   4.5669234e+00   1.0000000e+00
   6.2403504e+00   4.1177269e+00   1.0000000e+00
   4.8757365e+00   1.5461412e+00   1.0000000e+00
   8.5824276e+00   6.1404397e+00   1.0000000e+00
  -4.7694361e+00   1.7166697e-01   1.0000000e+00
   6.7250139e+00   5.5000350e+00   1.0000000e+00
  -5.5402718e+00   9.2043852e-01   1.0000000e+00
   4.6959008e+00   2.4271305e+00   1.0000000e+00
   6.9338633e+00   4.0302037e+00   1.0000000e+00
   6.4925997e+00   3.4506737e+00   1.0000000e+00
  -5.1163081e+00   9.3721795e-01   1.0000000e+00
  -4.4716245e+00   1.8396953e+00   1.0000000e+00
   7.3428157e+00   5.0711332e+00   1.0000000e+00
   4.8134514e+00   2.4056136e+00   1.0000000e+00
  -1.6651679e+00   3.9289335e+00   1.0000000e+00
   4.9547381e+00   5.4919159e+00   1.0000000e+00
   4.5021912e+00   5.0688292e+00   1.0000000e+00
  -5.4620604e+00   1.0810293e+00   1.0000000e+00
   5.0845446e+00   4.0123999e+00   1.0000000e+00
   7.2140441e+00   4.3664469e+00   1.0000000e+00
   8.5556017e+00   6.2577147e+00   1.0000000e+00
   7.8727109e+00   3.8759486e+00   1.0000000e+00
   4.7885382e+00   2.6286395e+00   1.0000000e+00
   5.0575462e+00   5.8615543e+00   1.0000000e+00
   5.6942972e+00   3.7683318e+00   1.0000000e+00
   5.2789364e+00   3.1096641e+00   1.0000000e+00
   7.6006167e+00   4.9098107e+00   1.0000000e+00
  -3.0473833e+00   4.1403299e+00   1.0000000e+00
   5.0709936e+00   5.1038266e+00   1.0000000e+00
   6.5585383e+00   4.4571261e+00   1.0000000e+00
  -5.2406356e+00   6.0984180e-02   1.0000000e+00
   5.7304334e+00   3.2178454e+00   1.0000000e+00
   6.9342726e+00   5.3227485e+00   1.0000000e+00
  -4.1479465e+00   2.6104436e+00   1.0000000e+00
   5.5186927e+00   3.0037866e+00   1.0000000e+00
   6.8262404e+00   5.8589524e+00   1.0000000e+00
   4.7995009e+00   5.7118287e+00   1.0000000e+00
  -4.0037500e+00   2.8511290e+00   1.0000000e+00
   4.9014010e+00   4.8019210e+00   1.0000000e+00
   5.3746860e+00   4.6736987e+00   1.0000000e+00
   5.8370058e+00   1.8718628e+00   1.0000000e+00
  -5.2317648e+00   1.0032185e+00   1.0000000e+00
  -5.5748557e+00  -3.4101063e-01   1.0000000e+00
   7.4885347e+00   5.3025350e+00   1.0000000e+00
  -3.5807922e+00   1.6017868e+00   1.0000000e+00
  -2.5823745e+00   3.5246832e+00   1.0000000e+00
  -4.3746533e+00   7.2653212e-01   1.0000000e+00
  -2.7497664e+00   3.1949546e+00   1.0000000e+00
  -3.9366355e+00   2.1572452e+00   1.0000000e+00
  -3.5963208e+00   2.5296234e+00   1.0000000e+00
   6.3587864e+00   5.1382103e+00   1.0000000e+00
   6.2610310e+00   5.1317339e+00   1.0000000e+00
   6.5099592e+00   6.3831744e+00   1.0000000e+00
   4.2069627e+00   3.8415045e+00   1.0000000e+00
  -4.5480125e+00   2.7467929e+00   1.0000000e+00
   5.8246571e+00   2.9634074e+00   1.0000000e+00
  -6.5400922e+00  -3.0618224e-02   1.0000000e+00
   6.8562956e+00   3.7403173e+00   1.0000000e+00
  -4.1719096e+00   2.3817352e+00   1.0000000e+00
   5.3761461e+00   2.1587684e+00   1.0000000e+00
   5.0152511e+00   1.1998902e+00   1.0000000e+00
   6.8473064e+00   2.7527347e+00   1.0000000e+00
   5.2985680e+00   3.5937652e+00   1.0000000e+00
  -4.7312974e+00   1.4977444e+00   1.0000000e+00
   5.8491282e+00   3.7302477e+00   1.0000000e+00
   5.5271267e+00   3.6744049e+00   1.0000000e+00
   7.3354993e+00   5.1725478e+00   1.0000000e+00
  -3.8689354e+00   4.2761139e+00   1.0000000e+00
   7.4292943e+00   4.2908809e+00   1.0000000e+00
  -3.7126560e+00   2.9777687e+00   1.0000000e+00
   5.6268669e+00   2.8131331e+00   1.0000000e+00
   4.3016989e+00   3.3252819e+00   1.0000000e+00
   6.6362661e+00   6.1929611e+00   1.0000000e+00
  -4.3892316e+00   1.0765085e+00   1.0000000e+00
   5.5341685e+00   4.4519715e+00   1.0000000e+00
   8.0713411e+00   6.8952374e+00   1.0000000e+00
  -4.5880954e+00   8.0744638e-01   1.0000000e+00
   7.0560657e+00   3.8586847e+00   1.0000000e+00
  -3.5292110e+00   3.0684536e+00   1.0000000e+00
  -4.6828660e+00   2.7642513e+00   1.0000000e+00
   4.7998218e+00   2.2529123e+00   1.0000000e+00
  -3.8805088e+00   2.4907234e+00   1.0000000e+00
  -3.3904838e+00   2.5609816e+00   1.0000000e+00
  -4.3396564e+00   8.0142333e-01   1.0000000e+00
   5.2390480e+00   4.4269448e+00   1.0000000e+00
   4.8822388e+00   2.9565446e+00   1.0000000e+00
  -3.3275371e+00   2.9907803e+00   1.0000000e+00
  -4.2613116e+00   1.5445072e+00   1.0000000e+00
   7.3265546e+00   4.3175979e+00   1.0000000e+00
  -4.2685271e+00   1.8567485e+00   1.0000000e+00
  -2.9192684e+00   3.4032204e+00   1.0000000e+00
  -3.5190524e+00   1.1173728e+00   1.0000000e+00
   4.3794986e+00   2.3735006e+00   1.0000000e+00
   7.1369027e+00   4.0066724e+00   1.0000000e+00
   4.0021707e+00   4.1772504e+00   1.0000000e+00
  -4.6575652e+00   1.5712940e+00   1.0000000e+00
   4.8391296e+00   4.0184687e+00   1.0000000e+00
   6.5146225e+00   4.6112921e+00   1.0000000e+00
  -3.5547728e+00   1.2123906e+00   1.0000000e+00
  -3.9982077e+00   2.5001665e+00   1.0000000e+00
   4.3836352e+00   4.4448473e+00   1.0000000e+00
   7.6342193e+00   3.9515881e+00   1.0000000e+00
  -4.4253942e+00   1.3734485e+00   1.0000000e+00
  -4.8656581e+00   1.1594348e+00   1.0000000e+00
   7.4279487e+00   6.2591611e+00   1.0000000e+00
   4.8491142e+00   4.2342311e+00   1.0000000e+00
  -4.4298550e+00   9.9678351e-01   1.0000000e+00
  -3.5591324e+00   2.0795351e+00   1.0000000e+00
  -5.2578275e+00   4.5898572e-01   1.0000000e+00
  -3.6638993e+00   2.2695948e+00   1.0000000e+00
  -3.6394325e+00   1.8696806e+00   1.0000000e+00
   5.7057053e+00   3.1324748e+00   1.0000000e+00
   6.1992041e+00   5.4260049e+00   1.0000000e+00
   6.3057473e+00   2.6749543e+00   1.0000000e+00
   3.8680961e+00   3.5488692e+00   1.0000000e+00
   3.7977274e+00   2.3242869e+00   1.0000000e+00
  -3.6102196e+00   1.7201152e+00   1.0000000e+00
  -3.3617055e+00   3.0651039e+00   1.0000000e+00
   6.0216346e+00   4.5576298e+00   1.0000000e+00
   5.9260845e+00   4.3179166e+00   1.0000000e+00
   2.5610877e+00   1.8150910e+00   1.0000000e+00
   5.4799662e+00   4.9895465e+00   1.0000000e+00
   5.7784667e+00   4.8180919e+00   1.0000000e+00
   5.3907850e+00   3.0104851e+00   1.0000000e+00
  -3.7009718e+00   1.7058665e+00   1.0000000e+00
  -6.3553957e+00   3.6441197e-01   1.0000000e+00
  -3.4223726e+00   2.4025853e+00   1.0000000e+00
   6.4660889e+00   5.7576838e+00   1.0000000e+00
   6.4423262e+00   2.5204271e+00   1.0000000e+00
   7.2790837e+00   6.2317903e+00   1.0000000e+00
   6.0087005e+00   4.9979533e+00   1.0000000e+00
  -3.0792901e+00   1.5613186e+00   1.0000000e+00
  -1.9842901e+00   3.6620603e+00   1.0000000e+00
  -5.6034593e+00   1.1692504e+00   1.0000000e+00
   6.7282149e+00   6.0882500e+00   1.0000000e+00
   5.3313130e+00   3.4433986e+00   1.0000000e+00
  -2.4728380e+00   3.5734337e+00   1.0000000e+00
  -4.6367127e+00   1.0388439e+00   1.0000000e+00
   3.6844260e+00   2.9544826e+00   1.0000000e+00
   6.9988038e+00   3.9367069e+00   1.0000000e+00
  -4.0041104e+00   1.9703510e+00   1.0000000e+00
  -5.3409189e+00   1.0519268e+00   1.0000000e+00
   4.5725356e+00   3.6883147e+00   1.0000000e+00
  -4.7976936e+00   1.2179003e+00   1.0000000e+00
   6.0798639e+00   6.4020375e+00   1.0000000e+00
  -3.6986813e+00   2.5880599e+00   1.0000000e+00
   9.0767837e+00   3.6647631e+00   1.0000000e+00
   8.3238367e+00   5.2719840e+00   1.0000000e+00
   7.5691314e+00   4.5129466e+00   1.0000000e+00
   4.6515344e+00   3.0871218e+00   1.0000000e+00
   6.8036761e+00   4.2329734e+00   1.0000000e+00
  -4.8045122e+00   2.1890970e+00   1.0000000e+00
  -5.8510289e+00   1.3020580e+00   1.0000000e+00
  -3.0801805e+00   1.7181905e+00   1.0000000e+00
   6.4019556e+00   5.3632628e+00   1.0000000e+00
  -4.5623432e+00   1.0955590e+00   1.0000000e+00
  -3.2332003e+00   2.4586458e+00   1.0000000e+00
   7.0425600e+00   3.3307839e+00   1.0000000e+00
  -5.3405377e+00   2.3338719e-01   1.0000000e+00
   7.1800543e+00   4.8694333e+00   1.0000000e+00
   3.7568523e+00   2.5107539e+00   1.0000000e+00
  -3.9282556e+00   2.1933753e+00   1.0000000e+00
   6.0064277e+00   3.5354452e+00   1.0000000e+00
   5.7729663e+00   4.1338465e+00   1.0000000e+00
   8.4729480e+00   4.9757968e+00   1.0000000e+00
  -3.1338185e+00   3.5007601e+00   1.0000000e+00
  -5.3754492e+00   6.1551801e-01   1.0000000e+00
   4.2931223e+00   1.1851988e+00   1.0000000e+00
   4.6165282e+00   3.7683528e+00   1.0000000e+00
  -3.7222259e+00   2.3963247e+00   1.0000000e+00
  -4.4447387e+00   1.1921145e+00   1.0000000e+00
   5.3759130e+00   3.7105401e-01   1.0000000e+00
   7.0243050e+00   3.3581981e+00   1.0000000e+00
   6.4140276e+00   4.1181842e+00   1.0000000e+00
   6.3982176e+00   2.7034898e+00   1.0000000e+00
   6.8833027e+00   3.9180341e+00   1.0000000e+00
   5.4517395e+00   4.0079780e+00   1.0000000e+00
   7.2025710e+00   4.1697113e+00   1.0000000e+00
  -5.3710088e+00   1.4795962e+00   1.0000000e+00
  -3.1066627e+00   1.8949349e+00   1.0000000e+00
   4.6932097e+00   2.3539559e+00   1.0000000e+00
   6.5188823e+00   4.3312745e+00   1.0000000e+00
   5.8097179e+00   3.4276477e+00   1.0000000e+00
   6.4344584e+00   4.8685130e+00   1.0000000e+00
  -1.0803664e+00   4.2268398e+00   1.0000000e+00
  -4.7851763e+00   1.6353649e+00   1.0000000e+00
   6.1708325e+00   3.3750430e+00   1.0000000e+00
   5.4342958e+00   3.5025857e+00   1.0000000e+00
   2.3803737e+00   1.9760711e+00   1.0000000e+00
  -2.8366412e+00   3.5542502e+00   1.0000000e+00
   5.3232384e+00   2.9260469e+00   1.0000000e+00
   5.3663276e+00   3.7732523e+00   1.0000000e+00
   6.0118110e+00   1.4483031e+00   1.0000000e+00
  -4.2038268e+00   1.6854936e+00   1.0000000e+00
  -3.8865887e+00   1.4637426e+00   1.0000000e+00
  -3.6418721e+00   1.8614914e+00   1.0000000e+00
  -4.1987335e+00   2.2355303e+00   1.0000000e+00
  -5.3677153e+00   2.2924081e+00   1.0000000e+00
   4.6292239e+00   3.6703213e+00   1.0000000e+00
  -3.4058530e+00   1.9830833e+00   1.0000000e+00
   5.0288863e+00   5.1598766e+00   1.0000000e+00
  -3.5583415e+00   2.1033165e+00   1.0000000e+00
   4.9971026e+00   4.4947921e+00   1.0000000e+00
  -3.9088410e+00   1.6306798e+00   1.0000000e+00
   6.0556747e+00   5.4434753e+00   1.0000000e+00
   6.3601719e+00   4.0037699e+00   1.0000000e+00
  -3.5631818e+00   2.1838318e+00   1.0000000e+00
  -4.7414828e+00   1.1449513e+00   1.0000000e+00
   5.8285905e+00   1.8659166e+00   1.0000000e+00
  -3.5766077e+00   2.4784553e+00   1.0000000e+00
   7.3433218e+00   4.5920183e+00   1.0000000e+00
   7.2450394e+00   5.5954640e+00   1.0000000e+00
   3.8680184e+00   2.0576432e+00   1.0000000e+00
   7.8937337e+00   8.2020154e+00   1.0000000e+00
   6.0182882e+00   4.2892695e+00   1.0000000e+00
   6.8036605e+00   2.6329249e+00   1.0000000e+00
   6.4517076e+00   3.4372298e+00   1.0000000e+00
   4.5063126e+00   1.7967525e+00   1.0000000e+00
   6.5045803e+00   5.2933229e+00   1.0000000e+00
   7.1056986e+00   3.7747614e+00   1.0000000e+00
   4.1944020e+00   3.4752695e+00   1.0000000e+00
   7.0454019e+00   2.2507919e+00   1.0000000e+00
   6.4555781e+00   3.6366057e+00   1.0000000e+00
   6.5193387e+00   3.6471121e+00   1.0000000e+00
   6.8124236e+00   2.4892043e+00   1.0000000e+00
  -2.2031095e+00   4.5527802e+00   1.0000000e+00
  -2.2701994e+00   3.2875918e+00   1.0000000e+00
   6.2824807e+00   4.6031313e+00   1.0000000e+00
   8.8027090e+00   6.8590012e+00   1.0000000e+00
   7.4759196e+00   6.9500275e+00   1.0000000e+00
   3.4238748e+00   3.1683712e+00   1.0000000e+00
   7.2702262e+00   6.4306688e+00   1.0000000e+00
   6.0075601e+00   2.8075691e+00   1.0000000e+00
  -4.4451858e+00   2.2014876e+00   1.0000000e+00
  -3.7554630e+00   2.9758745e+00   1.0000000e+00
   4.3539513e+00   1.0552486e+00   1.0000000e+00
  -4.2618285e+00   2.4060686e+00   1.0000000e+00
   3.4780748e+00   2.6520477e+00   1.0000000e+00
   7.2967576e+00   4.1291732e+00   1.0000000e+00
   4.8161921e+00   3.8315739e+00   1.0000000e+00
   6.7944193e+00   5.7558807e+00   1.0000000e+00
   6.8376590e+00   4.9359602e+00   1.0000000e+00
   6.3617036e+00   3.1764194e-01   1.0000000e+00
  -3.7151594e+00   3.3111690e+00   1.0000000e+00
   7.2673331e+00   4.7781627e+00   1.0000000e+00
   6.9766244e+00   5.2530350e+00   1.0000000e+00
   3.9953853e+00   3.0683076e+00   1.0000000e+00
   7.0619700e+00   6.9075088e+00   1.0000000e+00
   7.5473957e+00   4.9197100e+00   1.0000000e+00
  -3.1865096e+00   2.8820493e+00   1.0000000e+00
   4.4415712e+00   5.4859245e+00   1.0000000e+00
   6.5120886e+00   5.1777423e+00   1.0000000e+00
   4.5607673e+00   4.2907012e+00   1.0000000e+00
   4.9882116e+00   3.6848171e+00   1.0000000e+00
  -3.9313373e+00   1.1811731e+00   1.0000000e+00
   6.2795848e+00   5.7831206e+00   1.0000000e+00
   6.9926787e+00   4.3412723e+00   1.0000000e+00
  -4.3095125e+00   2.4769286e+00   1.0000000e+00
  -2.2976467e+00   2.5651719e+00   1.0000000e+00
  -5.6145400e+00   5.3727744e-01   1.0000000e+00
  -5.0575907e+00   1.0142749e+00   1.0000000e+00
   6.1785349e+00   3.2435718e+00   1.0000000e+00
   5.5063980e+00   2.7355578e+00   1.0000000e+00
  -3.7880873e+00   3.0961594e+00   1.0000000e+00
   5.3146092e+00   4.3245275e+00   1.0000000e+00
  -2.9555788e+00   2.3144024e+00   1.0000000e+00
   6.5464813e+00   4.8733800e+00   1.0000000e+00
   6.2194437e+00   2.8524766e+00   1.0000000e+00
   6.1730043e+00   4.8410618e+00   1.0000000e+00
   4.5402136e+00   4.9273941e+00   1.0000000e+00
   7.1215540e+00   6.1113604e+00   1.0000000e+00
  -4.4062046e+00   2.0015679e+00   1.0000000e+00
   8.7589076e+00   4.9299686e+00   1.0000000e+00
