   5.1164381e+00  -4.9696908e-01   0.0000000e+00
   3.2390564e+00  -1.4826279e+00   0.0000000e+00
   1.9766301e+00   2.1983761e-01   0.0000000e+00
  -1.0524144e+00  -7.7135446e-01   0.0000000e+00
  -1.7698305e+00  -6.3712636e-01   0.0000000e+00
  -1.3462988e+00  -4.7541782e-01   0.0000000e+00
   7.5019271e-01  -2.7375220e-01   0.0000000e+00
  -9.1305484e-01   3.7143880e-01   0.0000000e+00
   2.0248748e+00  -5.2164751e-02   0.0000000e+00
  -9.1826274e-01   1.2192101e+00   0.0000000e+00
   9.5595359e-01  -3.8927642e-01   0.0000000e+00
  -8.3148992e-01   5.4722353e-01   0.0000000e+00
   6.0599116e-01  -1.1251703e+00   0.0000000e+00
   6.3733283e-01  -1.2027083e+00   0.0000000e+00
  -6.2674330e-01  -1.9131213e+00   0.0000000e+00
  -1.6693477e+00  -5.3544601e-01   0.0000000e+00
  -1.1862221e+00  -5.6861656e-02   0.0000000e+00
   1.6690673e+00  -2.5694158e-01   0.0000000e+00
   4.7740263e-01   3.5312168e-01   0.0000000e+00
  -1.1919076e+00   2.7537566e-01   0.0000000e+00
   1.3695778e+00  -1.0683597e+00   0.0000000e+00
  -1.3646128e+00   1.6103675e+00   0.0000000e+00
  -9.1340259e-01   1.0738520e+00   0.0000000e+00
   7.1662351e-01   7.0688818e-01   0.0000000e+00
  -2.3071948e+00  -3.7749794e-01   0.0000000e+00
  -1.5267636e+00   1.4452762e+00   0.0000000e+00
  -1.8280091e-01   6.7793602e-01   0.0000000e+00
   6.7854583e-01   1.1615026e+00   0.0000000e+00
  -1.5334390e+00  -7.4834588e-01   0.0000000e+00
  -2.5070217e+00   1.2114930e+00   0.0000000e+00
   3.2729673e-01  -1.9313305e-01   0.0000000e+00
  -2.4712933e-01  -7.1567860e-01   0.0000000e+00
  -9.7355708e-01  -1.0103789e+00   0.0000000e+00
   5.5904592e-01  -7.2276109e-01   0.0000000e+00
   2.3453564e-01  -1.6082225e+00   0.0000000e+00
   1.2918568e+00  -6.0789262e-01   0.0000000e+00
  -3.6832093e-01  -9.5978087e-01   0.0000000e+00
  -2.8348772e+00   8.9709879e-01   0.0000000e+00
   2.3786719e+00   1.5237846e+00   0.0000000e+00
  -2.2806471e+00  -5.2933958e-01   0.0000000e+00
  -2.5493469e-02  -1.3778756e-01   0.0000000e+00
  -3.9417666e-01  -9.3335927e-01   0.0000000e+00
   6.6853043e-01   1.0372268e+00   0.0000000e+00
  -6.6515081e-01  -1.3661639e+00   0.0000000e+00
  -7.4201886e-01   1.3724105e+00   0.0000000e+00
   3.8855613e-01   6.4625697e-01   0.0000000e+00
   2.5963878e+00  -1.9087895e+00   0.0000000e+00
  -2.1476604e+00  -5.4933840e-01   0.0000000e+00
  -1.2797318e+00  -4.0775322e-01   0.0000000e+00
  -9.6266124e-02   5.2510074e-01   0.0000000e+00
   1.8427949e+00   1.2392605e+00   0.0000000e+00
   1.3486801e+00  -6.8324132e-02   0.0000000e+00
  -1.5691714e+00  -5.7285217e-01   0.0000000e+00
   8.0965008e-01  -2.5936717e+00   0.0000000e+00
   8.5248658e-01  -6.1210369e-01   0.0000000e+00
  -8.4795603e-01   1.1156685e+00   0.0000000e+00
  -2.2066755e+00  -7.3801375e-01   0.0000000e+00
   2.3436210e+00   5.8787114e-01   0.0000000e+00
   8.1146177e-01   3.7988069e-01   0.0000000e+00
   6.0562225e-02  -1.5371794e+00   0.0000000e+00
  -8.4159089e-01  -2.3916746e-01   0.0000000e+00
  -9.4818254e-01   8.4292295e-01   0.0000000e+00
   4.4874575e-01   4.8178615e-01   0.0000000e+00
  -1.6504166e+00   6.3830066e-01   0.0000000e+00
   1.0414530e+00   5.0447941e-02   0.0000000e+00
  -6.7659133e-01  -9.3309906e-01   0.0000000e+00
   1.6421203e+00   4.7244871e-01   0.0000000e+00
   4.2706510e-01   1.8522034e-01   0.0000000e+00
  -2.3631340e+00  -2.8247465e-01   0.0000000e+00
   2.3245034e+00  -1.5402113e+00   0.0000000e+00
  -1.5844953e+00   2.3783395e-02   0.0000000e+00
  -1.3880426e+00  -8.5523755e-01   0.0000000e+00
  -3.3253028e-01   1.6186950e+00   0.0000000e+00
  -1.4855046e+00   4.5723408e-01   0.0000000e+00
   4.3076771e-01   1.8079990e+00   0.0000000e+00
  -2.0080273e+00   1.0629907e-01   0.0000000e+00
   1.1490005e+00  -2.8475891e-01   0.0000000e+00
   8.4204302e-01  -5.8657644e-01   0.0000000e+00
  -9.9587860e-01  -5.7600308e-01   0.0000000e+00
   1.2551171e+00  -3.9619754e-01   0.0000000e+00
   2.1452054e+00   1.3983674e+00   0.0000000e+00
  -1.2236441e+00  -1.1535179e+00   0.0000000e+00
   3.7131869e-02   7.2078849e-01   0.0000000e+00
  -2.0904355e+00  -1.0911314e-01   0.0000000e+00
   1.3447889e+00   1.4927060e+00   0.0000000e+00
   2.6063489e+00  -1.3641889e+00   0.0000000e+00
   2.7153295e+00   3.1004461e-01   0.0000000e+00
   8.0090169e-01  -1.0257705e+00   0.0000000e+00
  -6.7608716e-01  -5.3053163e-01   0.0000000e+00
  -3.8383850e+00  -3.2175729e-02   0.0000000e+00
  -3.5963233e-01  -4.9638481e-01   0.0000000e+00
   1.0621474e+00   3.6468780e-01   0.0000000e+00
  -5.1549175e-01   1.5897950e-02   0.0000000e+00
  -1.1528325e+00   3.2412030e-01   0.0000000e+00
   1.7668218e+00  -1.4547700e+00   0.0000000e+00
  -1.2467510e+00  -3.5290736e-01   0.0000000e+00
  -1.8742381e+00  -5.2306452e-01   0.0000000e+00
  -8.1549675e-01  -3.4149325e-02   0.0000000e+00
   1.7593856e+00  -6.5643470e-02   0.0000000e+00
   1.3454938e+00   8.1058294e-01   0.0000000e+00
  -1.3221492e+00   1.2088486e-01   0.0000000e+00
  -2.1594489e+00   1.2129530e+00   0.0000000e+00
  -2.1027220e+00   1.1566373e+00   0.0000000e+00
   2.7798777e+00  -1.4155012e+00   0.0000000e+00
   1.8062612e-01  -1.1615593e+00   0.0000000e+00
  -1.6607404e+00  -8.1653338e-01   0.0000000e+00
   1.2252986e+00   1.7467716e-01   0.0000000e+00
   7.3619850e-01  -1.2087386e+00   0.0000000e+00
  -1.6817683e+00   2.3477527e-01   0.0000000e+00
   6.9198408e-02   3.8997318e-01   0.0000000e+00
  -7.2292200e-01  -1.4774352e-01   0.0000000e+00
   6.7730232e-01  -4.2066430e-01   0.0000000e+00
   3.9805194e+00   1.6521402e+00   0.0000000e+00
   1.1785420e+00  -2.7746574e-01   0.0000000e+00
   1.2546028e+00   7.0645617e-01   0.0000000e+00
   8.6760001e-02  -5.4339589e-01   0.0000000e+00
  -8.3324886e-01   1.2082884e+00   0.0000000e+00
  -1.3116042e+00  -1.9097652e+00   0.0000000e+00
  -2.6159873e+00  -5.1081862e-01   0.0000000e+00
  -2.2518736e-01   3.4816617e-03   0.0000000e+00
  -2.5976071e+00  -1.9926997e+00   0.0000000e+00
   6.2696811e-01   3.0917599e+00   0.0000000e+00
   1.1859421e+00  -2.2016886e-01   0.0000000e+00
  -9.8824589e-01   2.2166575e+00   0.0000000e+00
  -4.9784449e-01   6.5277367e-01   0.0000000e+00
   1.1794802e-01  -1.0454352e-01   0.0000000e+00
   1.3529657e+00  -1.4800020e+00   0.0000000e+00
  -1.3844363e+00  -5.3104887e-01   0.0000000e+00
   3.3798604e-01   2.3992267e-01   0.0000000e+00
  -5.6035124e-01  -2.0283211e+00   0.0000000e+00
  -3.2773781e+00  -5.6903430e-01   0.0000000e+00
  -2.6024750e+00   5.8412752e-01   0.0000000e+00
  -2.5918376e+00   7.8427429e-01   0.0000000e+00
   1.3884167e-01  -1.2322690e-01   0.0000000e+00
   1.5854035e+00  -1.2164306e+00   0.0000000e+00
  -1.4308333e+00  -1.3352948e+00   0.0000000e+00
  -1.4184891e+00   5.0546816e-02   0.0000000e+00
   6.4948548e-01   1.5375777e-01   0.0000000e+00
   1.2722291e+00   1.7869535e+00   0.0000000e+00
  -4.4447944e-01   4.5361960e-01   0.0000000e+00
   3.2538342e-01   3.7652099e-02   0.0000000e+00
   3.8520804e-02   1.0660553e-01   0.0000000e+00
  -1.4135687e+00  -2.5307328e-01   0.0000000e+00
  -3.1396395e-01  -6.2867648e-01   0.0000000e+00
  -7.7287674e-02   9.4003083e-01   0.0000000e+00
   1.7760359e+00  -1.8037017e-01   0.0000000e+00
   7.0758069e-01   2.5607513e-01   0.0000000e+00
  -2.3756197e-01   3.3354262e-01   0.0000000e+00
  -1.4709975e+00  -8.7675397e-01   0.0000000e+00
   6.1978984e-01  -1.0184684e+00   0.0000000e+00
  -2.0763498e+00  -5.4667758e-01   0.0000000e+00
  -2.7201541e+00  -2.1746103e+00   0.0000000e+00
   1.0684490e+00   5.9148694e-01   0.0000000e+00
  -1.4519744e+00   7.9323187e-01   0.0000000e+00
   7.4920534e-01   1.3337302e+00   0.0000000e+00
   6.4165067e-01  -1.5945201e+00   0.0000000e+00
   1.3378117e+00   1.1685219e+00   0.0000000e+00
  -5.1406211e-01  -1.4822914e+00   0.0000000e+00
   8.5112848e-01  -6.4958895e-01   0.0000000e+00
   4.6027091e-01  -2.2062721e-01   0.0000000e+00
   3.1466597e+00  -1.6994635e+00   0.0000000e+00
   1.2677924e+00   5.2654772e-01   0.0000000e+00
  -7.0174277e-01   3.6072283e-03   0.0000000e+00
  -9.0221566e-01  -8.8836042e-02   0.0000000e+00
   3.2259408e-01  -1.4914242e+00   0.0000000e+00
   1.0722639e+00   4.9132415e-01   0.0000000e+00
  -2.8777696e-01  -4.1824865e-01   0.0000000e+00
  -1.0832182e+00   1.4607311e+00   0.0000000e+00
   2.3389548e+00   1.3857947e+00   0.0000000e+00
  -2.9476917e-02  -1.2829563e-01   0.0000000e+00
  -2.5542687e+00   1.8598286e-01   0.0000000e+00
  -3.0868814e+00   1.1872920e+00   0.0000000e+00
   4.9138878e-01   1.3241419e+00   0.0000000e+00
  -5.2159746e-01   1.0261852e-01   0.0000000e+00
   1.5270184e+00   2.3321450e+00   0.0000000e+00
   2.4344128e-01   8.3421088e-01   0.0000000e+00
   3.5132395e-01   1.3029293e+00   0.0000000e+00
   1.3679502e+00  -4.6178296e-01   0.0000000e+00
  -9.6637342e-01  -1.4326987e+00   0.0000000e+00
   1.1216740e-01   1.0801202e+00   0.0000000e+00
   5.3187321e-01   6.1257485e-01   0.0000000e+00
   1.0803925e+00   7.1579690e-01   0.0000000e+00
   2.6782963e+00  -8.2239379e-01   0.0000000e+00
   6.4411732e-01  -6.1129090e-01   0.0000000e+00
  -9.2732049e-01   1.1018451e+00   0.0000000e+00
  -3.6034972e-01  -4.1040607e-01   0.0000000e+00
  -1.0440789e+00   1.5445853e+00   0.0000000e+00
   1.1312426e+00  -7.8442514e-01   0.0000000e+00
   8.8861463e-02   1.9470861e+00   0.0000000e+00
  -2.4878594e+00  -1.7344495e+00   0.0000000e+00
   7.4884804e-01  -2.4376759e+00   0.0000000e+00
   5.8224069e-01   2.0973715e-01   0.0000000e+00
   2.0043664e+00   1.8232934e+00   0.0000000e+00
  -4.3490005e-02   1.0276354e+00   0.0000000e+00
  -1.7579547e-01   1.1157839e+00   0.0000000e+00
   6.9715729e-01  -2.2187346e-01   0.0000000e+00
   1.3838506e+00   1.9504184e-01   0.0000000e+00
  -7.5517798e-01   2.9142896e-01   0.0000000e+00
  -2.3653391e+00  -1.2352073e+00   0.0000000e+00
   1.2174798e+00   1.6208118e+00   0.0000000e+00
  -2.2052946e+00  -3.7961765e-01   0.0000000e+00
   1.9440201e-01   4.6598716e-01   0.0000000e+00
   8.9309952e-01  -3.4795148e-01   0.0000000e+00
   1.7570258e-01   1.8561039e+00   0.0000000e+00
   1.5151154e+00   1.5290742e+00   0.0000000e+00
  -3.3733378e-01   7.1952210e-01   0.0000000e+00
  -5.1346391e-01  -3.9332135e-01   0.0000000e+00
  -3.2451350e-01  -1.2780573e+00   0.0000000e+00
  -1.0657979e+00   3.0136106e-01   0.0000000e+00
   1.5258034e+00   1.1337537e+00   0.0000000e+00
  -1.9660461e-02  -1.3507949e-01   0.0000000e+00
   5.8820629e-01  -1.4574926e+00   0.0000000e+00
   5.0595490e-02   2.0199768e+00   0.0000000e+00
   2.7838477e+00  -1.2523919e+00   0.0000000e+00
   1.1013070e+00   1.5937855e+00   0.0000000e+00
  -1.5162749e-02   7.6419400e-01   0.0000000e+00
   2.5536871e+00   2.5799723e-01   0.0000000e+00
  -7.5819105e-03   1.1460429e-01   0.0000000e+00
   5.3342329e-01   4.0769690e-01   0.0000000e+00
  -3.9024187e-01  -4.1750602e-01   0.0000000e+00
   2.6007297e-01   5.2607191e-01   0.0000000e+00
  -1.3510747e+00   5.4338401e-01   0.0000000e+00
   1.9516093e+00   9.1584541e-01   0.0000000e+00
   1.3049723e+00  -1.0719403e+00   0.0000000e+00
   1.1612888e+00   2.3781240e-01   0.0000000e+00
   9.6897355e-01  -1.3154076e-01   0.0000000e+00
   8.9534529e-01   1.9211078e+00   0.0000000e+00
   7.6547086e-01  -1.7642404e+00   0.0000000e+00
  -9.0755971e-01   6.5668694e-01   0.0000000e+00
  -1.2203698e+00  -5.7446154e-01   0.0000000e+00
  -3.1707523e+00  -1.0528991e+00   0.0000000e+00
   8.4585849e-01   1.3115221e+00   0.0000000e+00
  -2.4788081e-01   9.4984439e-01   0.0000000e+00
  -6.5627481e-01   8.8183895e-01   0.0000000e+00
   8.1844883e-01   2.2028911e+00   0.0000000e+00
   4.7016416e+00   6.7961215e-01   0.0000000e+00
  -2.4047492e+00  -1.2070610e+00   0.0000000e+00
  -2.5691562e+00  -2.2223464e-02   0.0000000e+00
  -9.3777808e-01  -1.0232411e+00   0.0000000e+00
  -4.0814802e-01   3.3119101e-01   0.0000000e+00
  -1.9874086e+00  -9.1221274e-02   0.0000000e+00
  -2.8004263e+00   5.5422162e-01   0.0000000e+00
  -2.1530648e+00   7.8655557e-01   0.0000000e+00
   1.6527945e+00   1.6210649e+00   0.0000000e+00
  -1.6869136e+00  -5.5081724e-01   0.0000000e+00
  -1.0355039e+00   6.7090329e-01   0.0000000e+00
  -1.8751682e+00  -1.1207057e+00   0.0000000e+00
   1.8043770e+00   1.0521282e+00   0.0000000e+00
  -1.5161925e+00   9.7084811e-01   0.0000000e+00
  -6.6478193e-01  -7.5626411e-01   0.0000000e+00
  -3.2687189e+00   2.8105103e-03   0.0000000e+00
   5.7461921e-01   1.8937004e+00   0.0000000e+00
  -7.0028871e-01  -1.4400262e+00   0.0000000e+00
  -5.3949613e-02   3.1594708e-01   0.0000000e+00
   4.0394018e+00  -9.9394044e-01   0.0000000e+00
  -1.3579409e+00  -8.6652317e-01   0.0000000e+00
   2.3422946e+00   8.5989184e-01   0.0000000e+00
  -1.5972525e-01   5.3382925e-01   0.0000000e+00
   2.3692769e+00   1.0353461e+00   0.0000000e+00
  -1.0603406e+00   1.3965830e+00   0.0000000e+00
   3.3921505e+00  -1.2827726e+00   0.0000000e+00
  -2.1606546e+00  -7.9140452e-01   0.0000000e+00
   1.5800430e+00  -9.6514480e-01   0.0000000e+00
   1.0346504e+00   1.6389615e-01   0.0000000e+00
  -6.8431352e-01   1.5017139e+00   0.0000000e+00
   7.2029309e-01   1.2084654e-01   0.0000000e+00
   2.9583324e+00  -3.5775802e-01   0.0000000e+00
   2.6939113e-02   1.3933393e-01   0.0000000e+00
   1.6269142e+00  -1.3499350e+00   0.0000000e+00
   1.1417186e+00  -7.9596151e-01   0.0000000e+00
  -1.7924033e+00   6.2275059e-02   0.0000000e+00
  -1.5349105e+00  -1.0987899e+00   0.0000000e+00
   7.2985901e-01  -1.2337985e+00   0.0000000e+00
  -1.8678711e+00   2.2102839e+00   0.0000000e+00
  -8.2299387e-01   6.3833981e-01   0.0000000e+00
  -6.5372576e-03  -9.4007830e-01   0.0000000e+00
  -1.6229014e+00  -9.3254417e-01   0.0000000e+00
   1.6012197e+00  -3.9192912e-01   0.0000000e+00
   3.7237139e-01  -8.4439947e-01   0.0000000e+00
  -7.9213708e-01  -1.1767709e+00   0.0000000e+00
   6.1948773e-02   1.6517358e+00   0.0000000e+00
  -7.4170939e-01   6.4784070e-01   0.0000000e+00
   1.1801822e-01   1.4793003e-01   0.0000000e+00
   2.4407984e+00   2.3136265e-01   0.0000000e+00
  -3.0655284e+00  -9.7668377e-01   0.0000000e+00
  -2.5360112e+00  -6.6447614e-01   0.0000000e+00
  -2.3866758e-01   1.5226652e-01   0.0000000e+00
   8.8800061e-01  -8.9433712e-01   0.0000000e+00
  -1.9999132e-01   1.0656613e+00   0.0000000e+00
   7.6474128e-01  -1.4258049e+00   0.0000000e+00
  -2.5251013e-01   6.6344142e-01   0.0000000e+00
  -1.5474419e+00  -5.8465912e-01   0.0000000e+00
  -2.5125450e-01   1.2614025e+00   0.0000000e+00
   1.3395497e+00   4.8023791e-01   0.0000000e+00
   1.0591192e+00  -7.6340476e-01   0.0000000e+00
   3.1554803e-01  -1.0953648e-01   0.0000000e+00
  -1.1857534e+00   1.0989325e-01   0.0000000e+00
   4.6329957e-01   8.3098606e-01   0.0000000e+00
  -2.6165230e-01  -7.0696971e-01   0.0000000e+00
  -1.0062133e+00   6.1464082e-01   0.0000000e+00
  -8.7021529e-01  -3.4532845e-01   0.0000000e+00
   3.0877715e+00   7.3935148e-01   0.0000000e+00
   1.8313568e+00   9.5700439e-01   0.0000000e+00
   8.7517831e-01   1.9142641e+00   0.0000000e+00
   1.8336004e+00  -8.8170192e-01   0.0000000e+00
   3.4510333e-01  -6.0478774e-01   0.0000000e+00
  -1.7051586e+00   1.9609576e+00   0.0000000e+00
  -1.1948879e+00  -7.4498547e-01   0.0000000e+00
  -3.0679156e+00  -1.1927284e-04   0.0000000e+00
  -4.7047220e-01  -2.1441760e-01   0.0000000e+00
   9.8358839e-01   1.1047146e+00   0.0000000e+00
  -8.9028432e-01   4.8272241e-01   0.0000000e+00
  -7.4362668e-01  -2.5032882e+00   0.0000000e+00
   4.5727349e-01   1.2925355e+00   0.0000000e+00
  -8.0709384e-01  -1.4403924e+00   0.0000000e+00
  -1.8441778e+00   1.3460882e-01   0.0000000e+00
  -1.0150988e+00   3.3322004e-01   0.0000000e+00
   6.7000495e-01   4.9542281e-01   0.0000000e+00
  -1.4499470e+00   1.4559933e+00   0.0000000e+00
   6.2258776e-01  -1.7298236e+00   0.0000000e+00
   4.4150176e-01   5.9963542e-01   0.0000000e+00
   1.4762699e+00   6.8728018e-01   0.0000000e+00
   1.3283280e-01   1.7252846e+00   0.0000000e+00
   1.4027960e+00  -5.3059890e-01   0.0000000e+00
  -7.6167445e-01  -8.6045567e-01   0.0000000e+00
   1.4055234e+00  -6.4177657e-01   0.0000000e+00
   5.4542903e-01  -3.4472139e-01   0.0000000e+00
  -2.3055662e+00   1.0742324e+00   0.0000000e+00
   1.5760388e+00  -1.1197133e-01   0.0000000e+00
  -1.9399984e-01  -4.9785661e-01   0.0000000e+00
  -1.4731211e+00  -4.8484995e-02   0.0000000e+00
   8.6598550e-01  -7.3321359e-01   0.0000000e+00
   6.4917785e-01  -6.8476326e-02   0.0000000e+00
   4.6744916e-01   9.2380954e-01   0.0000000e+00
  -6.8566890e-01  -7.3582413e-01   0.0000000e+00
   9.3453938e-01  -9.5971774e-01   0.0000000e+00
  -1.8917220e+00   6.9166252e-01   0.0000000e+00
  -8.9002950e-01  -3.4470533e-01   0.0000000e+00
   2.4871776e+00   3.2581978e-01   0.0000000e+00
  -5.2097472e-01   1.4444052e+00   0.0000000e+00
   1.7895118e+00   2.8356436e-01   0.0000000e+00
   4.2906243e-01  -1.5529285e+00   0.0000000e+00
  -7.8047449e-01  -1.9926202e+00   0.0000000e+00
  -4.4533186e-01  -1.0557726e+00   0.0000000e+00
  -3.7983251e-02   2.2185715e-01   0.0000000e+00
  -7.1558077e-01  -8.4276575e-01   0.0000000e+00
   2.0870007e+00  -1.0111192e+00   0.0000000e+00
  -1.2653733e+00  -1.9022427e-03   0.0000000e+00
  -1.5167138e+00   1.5015554e-01   0.0000000e+00
   6.3823381e-01   1.8638286e+00   0.0000000e+00
   6.1147026e-01   1.5570824e-01   0.0000000e+00
   1.8322368e+00  -3.0141795e-01   0.0000000e+00
  -3.7168305e+00  -1.2148703e-01   0.0000000e+00
  -2.5036626e-01  -2.3038309e+00   0.0000000e+00
   5.1098468e-01  -2.3506122e-01   0.0000000e+00
  -1.3093565e+00  -7.4960820e-01   0.0000000e+00
  -8.1357621e-01  -7.3753182e-02   0.0000000e+00
   9.9748618e-01   8.2725267e-01   0.0000000e+00
   8.8620994e-01   2.8518826e-01   0.0000000e+00
   4.0059492e-01  -1.9975859e+00   0.0000000e+00
  -2.0963875e+00  -1.3580197e+00   0.0000000e+00
   8.9739444e-01  -2.8844398e+00   0.0000000e+00
   3.3745701e-01  -5.3636781e-01   0.0000000e+00
   2.3749757e+00  -1.5506319e+00   0.0000000e+00
   9.9083980e-01  -5.7854030e-01   0.0000000e+00
  -1.8503440e+00  -9.8450086e-01   0.0000000e+00
   9.0095661e-01  -7.5116321e-01   0.0000000e+00
  -1.2981027e-01   9.8006234e-01   0.0000000e+00
  -7.9802286e-02   1.5546250e+00   0.0000000e+00
   5.8093810e-02   1.8402318e+00   0.0000000e+00
  -3.6197794e-01   2.1278812e+00   0.0000000e+00
  -5.9387308e-01  -1.0420467e+00   0.0000000e+00
  -1.1307315e+00  -3.1819018e-01   0.0000000e+00
  -2.4475316e+00   2.2742420e+00   0.0000000e+00
   1.0444273e+00   3.7574131e-01   0.0000000e+00
  -2.7624162e+00  -2.0039551e+00   0.0000000e+00
   2.4794625e+00  -2.1115161e-02   0.0000000e+00
  -8.9847477e-01  -8.3217988e-01   0.0000000e+00
  -3.1044514e-01   1.7160124e+00   0.0000000e+00
  -6.1768154e-01   1.5378557e+00   0.0000000e+00
   5.0485568e-01   4.8906230e-01   0.0000000e+00
  -2.8015482e-02  -1.3191093e+00   0.0000000e+00
  -1.9792191e+00   1.0444952e+00   0.0000000e+00
  -3.2865857e+00   6.8249033e-01   0.0000000e+00
  -3.3846277e-01  -6.4173570e-01   0.0000000e+00
  -2.0288875e-01  -6.8723955e-01   0.0000000e+00
   2.0764145e+00   8.5627145e-01   0.0000000e+00
  -6.0363041e-01  -1.2855333e+00   0.0000000e+00
   3.8692009e-01  -1.6108994e+00   0.0000000e+00
   8.7276728e-01  -1.2381515e+00   0.0000000e+00
  -2.0068305e+00  -2.9306198e-01   0.0000000e+00
   1.0406452e+00   5.0060573e-01   0.0000000e+00
  -1.9644428e-01  -2.0313045e+00   0.0000000e+00
  -1.7103010e+00  -3.5864395e-03   0.0000000e+00
  -1.7456419e-01  -1.2585682e+00   0.0000000e+00
  -6.9598612e-01   5.7015010e-01   0.0000000e+00
   3.1658113e+00   2.1015384e-01   0.0000000e+00
  -4.2024724e-01   2.1486317e-01   0.0000000e+00
   9.5807864e-01   9.3515020e-01   0.0000000e+00
   1.6534804e+00   4.1551596e-02   0.0000000e+00
   1.9621821e+00  -1.0483567e+00   0.0000000e+00
  -2.1003156e+00   6.0752643e-01   0.0000000e+00
  -9.4597609e-01   1.4722408e+00   0.0000000e+00
  -2.3968605e+00  -5.2668341e-01   0.0000000e+00
  -1.0808945e-01  -1.6174238e+00   0.0000000e+00
   1.2112697e+00  -4.8637381e-01   0.0000000e+00
   4.2203086e-01   2.5300893e+00   0.0000000e+00
  -1.5298290e+00  -3.1665172e-01   0.0000000e+00
   2.5846016e+00  -1.0277476e+00   0.0000000e+00
  -8.6166139e-01  -6.8128291e-01   0.0000000e+00
   2.0215306e+00  -7.8153441e-01   0.0000000e+00
   1.0772670e-02  -9.8437037e-01   0.0000000e+00
   1.4014023e+00   3.5757110e-01   0.0000000e+00
   1.1156679e+00   7.7887713e-01   0.0000000e+00
   4.6728235e+00  -1.2589628e+00   0.0000000e+00
   1.9413942e-01  -1.0957078e+00   0.0000000e+00
  -9.4650352e-01   1.4434790e+00   0.0000000e+00
   1.8015214e+00   8.5756765e-01   0.0000000e+00
  -4.4974765e-01  -1.8733141e-01   0.0000000e+00
  -5.7190094e-01  -8.5782607e-01   0.0000000e+00
  -3.6769697e-01  -1.7032796e-01   0.0000000e+00
  -3.0520697e-01   2.8093287e-01   0.0000000e+00
   5.3155792e-01   6.1204864e-01   0.0000000e+00
   1.2230312e+00  -1.2770542e+00   0.0000000e+00
  -1.5681386e+00   1.4842115e+00   0.0000000e+00
   1.0815942e+00  -6.2223925e-01   0.0000000e+00
  -1.2967095e+00   1.5182178e+00   0.0000000e+00
  -1.2455490e+00   5.4523311e-01   0.0000000e+00
  -4.4914405e+00   5.5085182e-03   0.0000000e+00
   2.7921825e-01  -3.7052731e-01   0.0000000e+00
   1.2741671e+00  -6.0301266e-01   0.0000000e+00
   1.0519381e-01  -1.9232757e+00   0.0000000e+00
   1.2625272e-01  -1.2001610e+00   0.0000000e+00
  -1.5259002e-02   8.5684758e-01   0.0000000e+00
   1.0027000e+00   1.2081853e+00   0.0000000e+00
   1.1026801e+00  -5.3238668e-02   0.0000000e+00
   4.5974606e-01  -5.6986648e-01   0.0000000e+00
   8.9004242e-03   4.9006490e-01   0.0000000e+00
  -2.0706444e+00   9.0713435e-01   0.0000000e+00
   9.3605482e-01  -1.3790037e+00   0.0000000e+00
  -1.9209255e+00   8.5412486e-01   0.0000000e+00
  -7.9064876e-01   1.3073255e-01   0.0000000e+00
  -1.4797073e+00   3.4836905e-02   0.0000000e+00
   7.5682062e-01   6.0373417e-02   0.0000000e+00
  -1.8294789e+00  -2.8326039e-01   0.0000000e+00
  -3.0473333e-01  -2.0988315e-01   0.0000000e+00
   6.5033985e-01   8.3088840e-01   0.0000000e+00
   1.4373117e+00   3.2055789e-01   0.0000000e+00
  -9.4983591e-01   1.2122612e+00   0.0000000e+00
   1.9203263e-01   1.2789012e-01   0.0000000e+00
  -9.5375980e-01  -1.3948789e+00   0.0000000e+00
  -1.7602635e+00   6.1164073e-01   0.0000000e+00
   1.1292607e+00  -5.4070348e-01   0.0000000e+00
   5.7798597e-01  -1.1961777e+00   0.0000000e+00
   1.2665284e+00  -3.7125508e-01   0.0000000e+00
  -9.2104442e-01   1.1064273e+00   0.0000000e+00
   1.4935682e+00  -1.3333777e+00   0.0000000e+00
  -1.6587114e+00   6.0654626e-01   0.0000000e+00
   4.6772476e-01  -4.0836305e-01   0.0000000e+00
   5.4566806e-01  -3.5463721e-01   0.0000000e+00
  -2.4287224e+00  -7.9784339e-01   0.0000000e+00
   1.1038835e+00  -4.0258856e-01   0.0000000e+00
   2.2847767e+00   1.0805942e+00   0.0000000e+00
   1.7530033e+00  -3.9322349e-01   0.0000000e+00
  -5.9332283e-02  -1.2160561e-01   0.0000000e+00
   3.9476754e-01  -1.2500337e+00   0.0000000e+00
  -4.7757304e-01  -1.0323393e+00   0.0000000e+00
  -1.2809288e+00  -2.1423337e-01   0.0000000e+00
  -9.1197383e-01   5.0195583e-01   0.0000000e+00
   5.1669177e-01   4.0851689e-02   0.0000000e+00
  -3.0763255e-01  -6.8991852e-01   0.0000000e+00
   3.0449491e+00  -2.1713156e-01   0.0000000e+00
   6.1253694e-01   8.6183021e-01   0.0000000e+00
   5.7349113e-01  -2.1067042e-01   0.0000000e+00
  -3.2988777e-01   1.4914979e+00   0.0000000e+00
  -1.0558520e-01  -9.0556021e-01   0.0000000e+00
  -1.3134822e+00  -1.4470667e+00   0.0000000e+00
   1.7997070e+00   2.8476223e-01   0.0000000e+00
  -1.4593883e+00  -4.0233218e-01   0.0000000e+00
  -5.4585681e-01  -8.9743187e-02   0.0000000e+00
  -9.2624681e-01   9.8707436e-02   0.0000000e+00
   2.2549155e+00   1.5941463e+00   0.0000000e+00
   1.2536899e+00  -1.0614124e+00   0.0000000e+00
  -3.5897950e-01   2.6001650e-01   0.0000000e+00
  -4.6137940e-02   1.0316880e+00   0.0000000e+00
   5.7033585e-01  -7.6520888e-01   0.0000000e+00
  -7.1119751e-01  -4.0091325e-02   0.0000000e+00
  -1.0934024e+00   1.1954966e+00   0.0000000e+00
   1.2040227e+00  -9.8991340e-01   0.0000000e+00
   6.7781070e-01   3.7604380e-01   0.0000000e+00
   6.4125417e-01  -4.5151470e-01   0.0000000e+00
   1.7763318e+00   2.9757669e-01   0.0000000e+00
  -1.5434948e+00   7.1990678e-01   0.0000000e+00
   8.3459699e-01   2.0235962e+00   0.0000000e+00
   1.6399787e+00  -1.5512564e+00   0.0000000e+00
   2.0678860e+00   2.3842050e-01   0.0000000e+00
   2.2879768e-01  -2.3003238e-01   0.0000000e+00
  -1.3185640e-01  -2.8041090e-01   0.0000000e+00
   1.0483853e+00  -3.8817595e-01   0.0000000e+00
  -1.0832681e+00  -1.2929124e+00   0.0000000e+00
  -3.2503416e+00   1.1595181e-02   0.0000000e+00
   5.9938610e-01   5.2505335e-01   0.0000000e+00
  -5.7985235e-01  -1.6906808e-01   0.0000000e+00
  -3.9999338e-01   2.5776999e+00   0.0000000e+00
  -2.5072077e-01  -1.6285514e+00   0.0000000e+00
   2.4468200e-01   8.7045868e-02   0.0000000e+00
   6.8750026e-01   1.4538616e+00   0.0000000e+00
  -1.4544335e+00  -1.2624431e+00   0.0000000e+00
  -4.6063943e-01  -1.5660950e+00   0.0000000e+00
  -1.2697084e+00   1.3861509e-01   0.0000000e+00
   1.1934691e-01  -6.3536571e-01   0.0000000e+00
  -1.5129589e+00  -7.7731909e-01   0.0000000e+00
  -1.5811822e+00  -1.3104023e+00   0.0000000e+00
  -6.4313896e-01   5.0885236e-01   0.0000000e+00
   1.6572795e-02  -1.4319175e+00   0.0000000e+00
  -1.3457615e+00  -1.7935717e-01   0.0000000e+00
  -2.4122774e-01  -1.4484797e+00   0.0000000e+00
  -6.7347202e-01  -1.2324381e-01   0.0000000e+00
   1.0481090e+00  -9.3571505e-01   0.0000000e+00
   9.3596782e-01   1.2337866e+00   0.0000000e+00
   1.7591320e+00  -1.3091382e-01   0.0000000e+00
  -2.2762012e+00   9.1186205e-01   0.0000000e+00
  -2.0147117e+00  -8.6171511e-01   0.0000000e+00
   2.7768089e+00   7.5776572e-01   0.0000000e+00
  -8.9436519e-01   1.7454159e+00   0.0000000e+00
   1.2768845e-01  -1.9795555e+00   0.0000000e+00
   8.8749844e-01  -3.3502941e-01   0.0000000e+00
  -1.1742861e-01   5.0232553e-02   0.0000000e+00
  -2.1060412e+00  -1.0800143e+00   0.0000000e+00
  -1.0048506e-01   2.0919649e+00   0.0000000e+00
  -6.9554392e-01  -1.5818649e-01   0.0000000e+00
   2.7595557e+00   1.8467286e+00   0.0000000e+00
   2.3179096e+00  -9.9385136e-01   0.0000000e+00
   4.8056092e-01  -2.3653375e-01   0.0000000e+00
  -8.5668080e-01  -5.3390764e-01   0.0000000e+00
   1.4556381e-01  -2.3940501e+00   0.0000000e+00
   3.3932810e-01  -7.9713098e-01   0.0000000e+00
  -1.5287708e+00  -4.1277931e-01   0.0000000e+00
   1.3174137e+00   9.1069683e-02   0.0000000e+00
  -2.4194963e-01  -1.5490559e+00   0.0000000e+00
  -2.0074535e+00   9.9801890e-02   0.0000000e+00
  -1.4118470e+00   6.6459485e-01   0.0000000e+00
   1.5805853e+00   3.3320837e-01   0.0000000e+00
  -1.1475579e-01   1.1162859e-02   0.0000000e+00
   2.0471987e+00   3.9302011e-01   0.0000000e+00
  -6.4996656e-01   5.9494482e-01   0.0000000e+00
   1.1969473e-01  -4.2624861e-01   0.0000000e+00
  -2.9595036e+00   1.9080958e-01   0.0000000e+00
   3.8202618e-01   1.1697783e+00   0.0000000e+00
  -2.4294809e+00  -1.3618566e+00   0.0000000e+00
  -1.4913914e+00   9.6546835e-01   0.0000000e+00
   5.0830656e-01   3.9441566e-01   0.0000000e+00
   2.3324710e+00   1.9338397e+00   0.0000000e+00
  -2.2348201e-01   5.0912581e-01   0.0000000e+00
  -2.7149488e-03   3.8395188e-01   0.0000000e+00
   1.6959807e+00  -5.9869980e-01   0.0000000e+00
   2.3062032e-01   1.8136181e+00   0.0000000e+00
  -1.4177733e-01  -6.2357873e-01   0.0000000e+00
  -2.1247236e-01  -6.1019828e-01   0.0000000e+00
  -1.0043737e+00  -2.9929833e-01   0.0000000e+00
   6.4494240e-01   4.3204875e-02   0.0000000e+00
  -3.5575417e-01  -1.1002319e+00   0.0000000e+00
   1.6635278e-01   1.4504679e-01   0.0000000e+00
   2.2007512e+00  -3.7655231e-01   0.0000000e+00
  -1.2333729e+00   1.7695866e+00   0.0000000e+00
  -7.8497513e-01  -3.7516153e-01   0.0000000e+00
   6.1897827e-01  -3.3752009e-01   0.0000000e+00
   5.9131724e-01   1.1405433e+00   0.0000000e+00
   3.5487366e-01  -3.7326505e-01   0.0000000e+00
   2.5204919e+00   8.2054106e-01   0.0000000e+00
  -1.3310692e+00   2.2377054e-02   0.0000000e+00
  -3.3413656e-01  -1.3281660e+00   0.0000000e+00
  -8.4273239e-01  -4.9464039e-01   0.0000000e+00
  -1.1588986e+00  -2.8226080e-02   0.0000000e+00
  -5.4172239e-01   4.3572502e-01   0.0000000e+00
   2.6747539e+00   1.8805859e+00   0.0000000e+00
  -1.0749673e+00   2.8242492e-01   0.0000000e+00
   6.0600357e-01   9.8812422e-01   0.0000000e+00
  -1.7959511e+00  -8.3275460e-01   0.0000000e+00
  -1.2275530e+00  -1.0123996e+00   0.0000000e+00
   1.2666842e+00  -5.4918736e-01   0.0000000e+00
  -7.8532591e-01   1.0387533e-01   0.0000000e+00
  -4.5318052e-01   3.1188418e-01   0.0000000e+00
  -8.2815383e-01  -1.1586537e+00   0.0000000e+00
   1.5868750e+00  -5.2335413e-01   0.0000000e+00
  -2.5077598e+00   2.2032638e+00   0.0000000e+00
   3.1452849e-01   5.3945175e-01   0.0000000e+00
  -9.4834089e-01   9.1137976e-01   0.0000000e+00
   6.9113667e-01  -1.3414301e+00   0.0000000e+00
  -2.3026412e+00  -7.3977728e-02   0.0000000e+00
   2.5424021e+00  -1.5599107e+00   0.0000000e+00
  -5.7886461e-01  -8.0636834e-02   0.0000000e+00
   2.8840855e+00   1.8864308e-01   0.0000000e+00
  -9.5061528e-01   1.4342764e+00   0.0000000e+00
  -1.3426448e+00  -3.0203874e-01   0.0000000e+00
   4.2598572e-01   8.5660921e-01   0.0000000e+00
  -1.4177238e+00  -8.8375070e-01   0.0000000e+00
   4.2785629e-01  -1.4915693e+00   0.0000000e+00
   6.2519549e-01   1.3451119e+00   0.0000000e+00
   5.9902142e-01   5.5122334e-01   0.0000000e+00
   1.4053025e-01   9.6704626e-01   0.0000000e+00
  -6.2075635e-02   3.0429978e-01   0.0000000e+00
  -1.0696144e+00  -1.4854828e+00   0.0000000e+00
  -9.3654406e-01   6.5657540e-01   0.0000000e+00
   2.2899639e+00   1.5526317e-02   0.0000000e+00
  -2.9835165e+00   2.4070204e-01   0.0000000e+00
  -1.3904401e+00   1.0995304e-01   0.0000000e+00
   4.3670119e-01  -1.1590480e+00   0.0000000e+00
   6.3301625e-01   8.0575964e-01   0.0000000e+00
  -7.1109609e-01  -6.5925452e-01   0.0000000e+00
   4.0209001e-01  -1.2342606e-01   0.0000000e+00
  -3.9605008e-01  -1.1571008e+00   0.0000000e+00
   1.3106036e+00  -7.7237849e-01   0.0000000e+00
   5.7012837e-01  -2.5837237e+00   0.0000000e+00
  -7.2079683e-01   4.3107663e-01   0.0000000e+00
  -3.2021153e+00  -3.0709034e-01   0.0000000e+00
   5.8485508e-01   4.2161092e-01   0.0000000e+00
   2.9092579e+00  -1.1107038e+00   0.0000000e+00
   7.0355241e-01  -5.3259484e-01   0.0000000e+00
  -4.2322478e-01  -9.4500064e-01   0.0000000e+00
   2.3201389e+00  -6.3071345e-01   0.0000000e+00
   1.9050390e-01  -5.0441518e-02   0.0000000e+00
   2.4387151e+00   1.4147013e-01   0.0000000e+00
   3.9500225e-01   1.8729736e-01   0.0000000e+00
   9.5932535e-01   1.5025811e+00   0.0000000e+00
   2.3382549e+00   1.1367431e+00   0.0000000e+00
   1.0971965e+00   2.3370393e-02   0.0000000e+00
   3.4858646e+00   8.4812512e-03   0.0000000e+00
  -1.7334820e+00   2.8883497e-01   0.0000000e+00
  -1.7820101e+00   1.7036628e-01   0.0000000e+00
   1.7137106e+00   9.9057485e-01   0.0000000e+00
  -6.9062908e-01   1.3728730e+00   0.0000000e+00
   7.5654806e-02   3.4910877e-01   0.0000000e+00
   1.3793826e+00   6.0722828e-01   0.0000000e+00
   4.1018983e-01  -2.1349446e-01   0.0000000e+00
  -1.0478294e-01  -2.1183191e+00   0.0000000e+00
   6.1681721e-01   1.1189371e-01   0.0000000e+00
  -1.4208137e+00  -1.9676996e+00   0.0000000e+00
  -6.7674109e-02  -4.5174649e-01   0.0000000e+00
   1.7704042e+00   2.0276362e+00   0.0000000e+00
   4.8384819e-01   1.0928054e+00   0.0000000e+00
   3.8008068e+00  -1.3185988e+00   0.0000000e+00
   1.7128632e+00  -4.3261643e-01   0.0000000e+00
   2.4714500e+00  -1.4972181e-01   0.0000000e+00
   3.1460973e-01  -1.0956237e+00   0.0000000e+00
  -1.7376658e+00   4.1640842e-02   0.0000000e+00
  -9.4806939e-01   1.9693276e-01   0.0000000e+00
   2.1456890e+00  -6.2108406e-01   0.0000000e+00
  -1.4136335e+00  -3.3913386e-01   0.0000000e+00
   1.2625675e+00   4.7108497e-01   0.0000000e+00
   8.6902616e-01   6.8796156e-01   0.0000000e+00
  -1.3996742e+00   8.2246942e-02   0.0000000e+00
   1.3765021e+00  -3.8201728e-01   0.0000000e+00
  -1.7096285e+00   8.6653492e-01   0.0000000e+00
   2.5571118e-01  -2.1577906e-01   0.0000000e+00
  -1.2499377e+00   8.3009289e-02   0.0000000e+00
   3.9052510e-01   6.5205033e-01   0.0000000e+00
  -1.6847329e-01   5.7758481e-01   0.0000000e+00
  -2.0885278e+00   7.2383105e-01   0.0000000e+00
   1.5085615e+00  -2.6953577e-01   0.0000000e+00
   1.5459029e+00   1.7223565e+00   0.0000000e+00
   6.0299126e-01  -6.3253988e-02   0.0000000e+00
  -4.6411240e-01  -1.3212150e-01   0.0000000e+00
  -2.6749500e+00  -4.5901857e-02   0.0000000e+00
  -1.2294579e+00  -1.0282093e+00   0.0000000e+00
   4.2474105e-01  -2.8791929e-01   0.0000000e+00
   1.8168204e-01   5.0457046e-01   0.0000000e+00
  -6.0842382e-02   9.6769971e-01   0.0000000e+00
   2.0993251e-01  -1.5476854e+00   0.0000000e+00
   1.6475567e+00  -1.2701531e-01   0.0000000e+00
   1.3578145e+00  -1.3651082e+00   0.0000000e+00
  -2.3071959e+00  -2.3340272e+00   0.0000000e+00
   4.3883000e-03   1.3166425e+00   0.0000000e+00
  -2.8620746e+00   9.5700971e-01   0.0000000e+00
   2.8360362e+00  -1.1745333e-01   0.0000000e+00
   2.2320515e+00   1.7767184e+00   0.0000000e+00
   1.7821193e+00  -5.1897286e-03   0.0000000e+00
   4.2186907e-01   4.9527140e-01   0.0000000e+00
   1.0308266e+00   5.8264674e-01   0.0000000e+00
  -5.0380963e-01  -3.9750102e-01   0.0000000e+00
   1.4249570e+00  -1.7271914e+00   0.0000000e+00
  -5.2777980e-01   6.2772757e-01   0.0000000e+00
  -2.2205348e+00  -7.1566495e-02   0.0000000e+00
   1.2820769e+00  -1.3200133e+00   0.0000000e+00
   2.2883559e+00  -6.4053753e-01   0.0000000e+00
   8.0896528e-01   3.5454974e-01   0.0000000e+00
  -3.7907302e+00  -1.1947703e+00   0.0000000e+00
   1.3386542e+00  -7.9402692e-01   0.0000000e+00
   3.2437607e+00   1.7520325e-01   0.0000000e+00
  -2.9218186e+00   2.0443582e-01   0.0000000e+00
   2.2160307e+00  -6.8689045e-01   0.0000000e+00
   1.5370458e+00  -1.4470290e-01   0.0000000e+00
  -1.3729760e+00   6.1976607e-01   0.0000000e+00
  -8.7373469e-01  -1.3500101e+00   0.0000000e+00
  -3.2844935e+00   1.9821789e-01   0.0000000e+00
   3.4925076e+00   1.8886081e-01   0.0000000e+00
  -1.6336007e+00  -6.0489079e-01   0.0000000e+00
   3.5313324e-02  -3.6896165e-01   0.0000000e+00
  -5.2561296e-01  -2.9097324e-01   0.0000000e+00
   4.1103038e-01  -2.7624546e-01   0.0000000e+00
   2.8829052e+00   2.1458097e+00   1.0000000e+00
   3.7686867e+00   1.8186671e+00   1.0000000e+00
   2.4808890e+00   2.1351284e+00   1.0000000e+00
  -2.2049839e+00   1.1503622e+00   1.0000000e+00
   4.0415358e+00   1.8301510e+00   1.0000000e+00
  -3.1363859e+00  -5.7469956e-01   1.0000000e+00
   2.1785425e+00   5.8283686e-01   1.0000000e+00
   2.0664666e+00   3.5003595e+00   1.0000000e+00
   5.5796956e+00   2.7610251e+00   1.0000000e+00
   4.7932381e+00   1.5452885e+00   1.0000000e+00
   5.5173260e+00   2.6823519e+00   1.0000000e+00
   2.2966083e+00   9.9674298e-01   1.0000000e+00
   4.9019962e+00   1.2121729e+00   1.0000000e+00
   3.1194665e+00   1.3152923e-01   1.0000000e+00
  -2.2798253e+00  -2.0268950e-01   1.0000000e+00
   3.2193314e+00   3.7429579e+00   1.0000000e+00
  -1.2628699e+00   1.4228080e+00   1.0000000e+00
   4.8544042e+00   2.5409065e+00   1.0000000e+00
   3.0408629e+00   3.9392004e+00   1.0000000e+00
  -2.5277432e+00   1.6098609e+00   1.0000000e+00
   2.9454599e+00   1.7789724e+00   1.0000000e+00
  -1.8147334e+00   8.3051951e-01   1.0000000e+00
   2.3454030e+00   1.7513330e+00   1.0000000e+00
   3.5857518e+00   4.9914417e-01   1.0000000e+00
   5.9765292e+00   3.3012543e+00   1.0000000e+00
   2.6296222e+00   3.4788807e+00   1.0000000e+00
  -4.7035986e+00  -1.0695563e+00   1.0000000e+00
   4.2162028e+00   6.7605731e-01   1.0000000e+00
  -3.7769359e+00  -7.1752087e-01   1.0000000e+00
   3.4395905e+00   2.3714451e+00   1.0000000e+00
   2.8733345e+00   3.6819807e+00   1.0000000e+00
  -1.5446615e+00   3.7840289e-01   1.0000000e+00
   2.1899151e+00   1.9169992e+00   1.0000000e+00
  -5.3282288e-01   2.9039351e+00   1.0000000e+00
   2.3637918e+00   2.8845018e+00   1.0000000e+00
  -2.5209554e-01  -2.2698493e+00   1.0000000e+00
   2.4298668e+00   2.2490227e+00   1.0000000e+00
   1.8625833e+00   8.5985261e-01   1.0000000e+00
  -2.6970087e+00   9.8979289e-01   1.0000000e+00
   5.2392717e+00   4.3689570e+00   1.0000000e+00
   2.0330035e+00   1.2797230e+00   1.0000000e+00
   3.5461592e+00   1.7425961e+00   1.0000000e+00
   2.4880805e+00   9.2698589e-01   1.0000000e+00
   3.4219249e+00   3.9469354e-01   1.0000000e+00
  -1.6193395e+00   1.2331455e+00   1.0000000e+00
   1.4548368e+00  -8.4695670e-01   1.0000000e+00
  -4.3965981e+00  -1.2486231e+00   1.0000000e+00
  -3.7209025e+00   3.2460335e-01   1.0000000e+00
   1.9695673e+00   1.1579979e+00   1.0000000e+00
   2.5625124e+00   4.5245655e+00   1.0000000e+00
   1.8403629e+00   1.8946144e+00   1.0000000e+00
   1.2463141e+00   6.8806347e-01   1.0000000e+00
   2.7551437e+00   1.4450990e+00   1.0000000e+00
   4.0850938e+00   2.4909721e+00   1.0000000e+00
   2.4372284e+00   2.2149131e+00   1.0000000e+00
  -1.2445609e+00   6.8621219e-01   1.0000000e+00
   1.6748315e+00  -1.0581319e+00   1.0000000e+00
  -1.4676280e+00   1.1969930e+00   1.0000000e+00
   1.1291686e+00   7.8892161e-01   1.0000000e+00
   1.6111224e+00   3.0836268e+00   1.0000000e+00
   3.0554643e+00   1.9321307e+00   1.0000000e+00
   2.9895616e+00   3.3829120e-01   1.0000000e+00
   3.1115280e+00   2.2539795e+00   1.0000000e+00
   2.9294964e+00   3.9978152e+00   1.0000000e+00
   8.7828768e-02   3.0023644e+00   1.0000000e+00
   2.5810328e+00   1.9750048e-01   1.0000000e+00
  -1.8800841e-01   1.9027445e+00   1.0000000e+00
  -3.0745325e+00   8.8288034e-02   1.0000000e+00
   3.9678721e+00   2.7675054e+00   1.0000000e+00
   2.8089947e+00   2.3332911e+00   1.0000000e+00
  -2.7573604e+00   1.0716507e+00   1.0000000e+00
   3.1923006e+00   2.7438038e+00   1.0000000e+00
   2.5252785e+00   3.3900374e+00   1.0000000e+00
  -1.3602800e+00   2.2483714e+00   1.0000000e+00
   2.8811924e+00   3.7189539e-01   1.0000000e+00
  -1.9345921e+00   1.3838275e+00   1.0000000e+00
  -1.5216727e+00   1.2171062e+00   1.0000000e+00
  -1.5643583e+00   1.4483433e+00   1.0000000e+00
  -1.8378237e+00   5.3592243e-01   1.0000000e+00
   2.6266917e+00   1.6030841e-01   1.0000000e+00
  -1.5231342e+00   2.6786029e+00   1.0000000e+00
  -1.3999752e+00   1.3273452e+00   1.0000000e+00
   1.0973503e+00   1.1636570e+00   1.0000000e+00
   1.9220937e+00   1.0599130e+00   1.0000000e+00
  -1.1247209e+00   1.3823774e+00   1.0000000e+00
   1.3582064e+00   1.2894317e+00   1.0000000e+00
  -3.1322431e+00   5.8521464e-01   1.0000000e+00
   2.8616934e+00   2.5618999e+00   1.0000000e+00
   3.2130419e+00   1.6577783e+00   1.0000000e+00
   3.2214849e+00   4.2473791e+00   1.0000000e+00
   1.0118359e+00   1.6461469e+00   1.0000000e+00
   5.0364125e+00   4.8229685e+00   1.0000000e+00
   4.1260837e+00   2.8113110e+00   1.0000000e+00
   3.2368918e+00  -2.1597505e-01   1.0000000e+00
  -2.4535667e+00   5.4794392e-01   1.0000000e+00
  -1.1354152e+00   2.1593386e+00   1.0000000e+00
  -1.0763779e+00   1.3581318e+00   1.0000000e+00
  -1.2057293e+00   2.4737626e+00   1.0000000e+00
   4.9651269e+00   2.8356802e+00   1.0000000e+00
   2.2189379e+00   1.5488511e+00   1.0000000e+00
  -3.3520411e+00   3.5374517e-01   1.0000000e+00
   1.7401495e+00   3.4856210e+00   1.0000000e+00
   3.4239734e+00   2.3711130e+00   1.0000000e+00
   3.7906277e+00  -1.4927530e-02   1.0000000e+00
   3.2166125e+00   2.6475989e+00   1.0000000e+00
  -1.2772055e+00   1.6850133e+00   1.0000000e+00
  -2.1066914e+00   6.7299918e-01   1.0000000e+00
   4.0361527e+00   1.7713422e+00   1.0000000e+00
   3.7384770e+00   1.4463860e+00   1.0000000e+00
  -1.7870806e+00  -2.3676661e-01   1.0000000e+00
   3.5247734e+00   2.3613335e+00   1.0000000e+00
   3.1801444e+00   2.3151974e+00   1.0000000e+00
   1.8690053e+00   1.6931896e+00   1.0000000e+00
   8.3619093e-01   1.1031341e+00   1.0000000e+00
   3.3435223e+00   3.0103520e-01   1.0000000e+00
   2.7382680e+00   1.6169689e+00   1.0000000e+00
  -1.2291271e+00   7.2295363e-01   1.0000000e+00
  -1.5409670e+00   1.6885076e+00   1.0000000e+00
   4.5928826e+00   1.6223301e+00   1.0000000e+00
  -2.6587333e+00  -7.4246542e-02   1.0000000e+00
   2.0522392e+00   2.6385811e+00   1.0000000e+00
   3.0918101e+00   2.6982197e+00   1.0000000e+00
   1.9173879e+00   1.2290756e+00   1.0000000e+00
  -5.3944370e-01   6.5685188e-01   1.0000000e+00
  -3.4590898e+00   2.7991803e-01   1.0000000e+00
   2.7068402e-01   1.0995309e+00   1.0000000e+00
   4.1530758e+00   2.7024627e+00   1.0000000e+00
   1.2701062e+00  -6.4036937e-02   1.0000000e+00
  -3.0302834e+00  -1.2941355e-01   1.0000000e+00
   3.8911879e+00   2.2232439e+00   1.0000000e+00
   1.6707627e+00   1.0837119e+00   1.0000000e+00
  -7.3999556e-02   4.4760600e-01   1.0000000e+00
   2.4465625e+00   1.2303362e+00   1.0000000e+00
  -2.1755113e+00   1.5825572e+00   1.0000000e+00
   5.9810933e+00   3.7876686e+00   1.0000000e+00
  -1.3344696e+00   2.0817547e+00   1.0000000e+00
  -3.9649265e+00  -6.5516974e-01   1.0000000e+00
  -4.6034844e+00  -1.4274529e+00   1.0000000e+00
   2.7387456e+00   3.1783064e+00   1.0000000e+00
  -3.3849689e-01   1.7233426e+00   1.0000000e+00
   5.0895114e+00   3.5490816e+00   1.0000000e+00
  -2.3447567e+00   1.4021362e+00   1.0000000e+00
   4.1618203e+00   1.9890565e+00   1.0000000e+00
   4.1239797e+00   3.7211832e+00   1.0000000e+00
   5.3372393e+00   2.4096116e+00   1.0000000e+00
   2.4422364e+00   4.7766830e-01   1.0000000e+00
  -2.9397274e+00   3.5482962e-01   1.0000000e+00
  -2.6682194e-01   3.1724493e+00   1.0000000e+00
   2.3461164e+00  -5.4129969e-01   1.0000000e+00
   4.1700442e+00   1.9562224e+00   1.0000000e+00
   2.5650209e+00   2.2942687e+00   1.0000000e+00
   2.4459435e+00   2.0348096e+00   1.0000000e+00
   1.7173542e-02   2.9021444e+00   1.0000000e+00
   3.6513701e+00   2.9860988e-01   1.0000000e+00
   3.1804417e+00   3.1505981e+00   1.0000000e+00
   4.8114218e+00   4.6877466e+00   1.0000000e+00
   2.7194389e+00   2.1217645e+00   1.0000000e+00
   3.4128944e+00   7.7570601e-01   1.0000000e+00
   4.1628040e+00   1.4082290e+00   1.0000000e+00
  -1.1293240e+00   2.5429084e+00   1.0000000e+00
  -1.1132870e+00   2.0556994e+00   1.0000000e+00
  -1.4663355e+00   1.8838136e+00   1.0000000e+00
   3.1323814e+00   1.2937424e+00   1.0000000e+00
   6.1448370e-01   2.4993218e+00   1.0000000e+00
   4.5661665e+00   5.2178642e+00   1.0000000e+00
   2.7394806e+00   1.2649205e+00   1.0000000e+00
  -1.3893798e+00   2.1365950e+00   1.0000000e+00
  -2.3418981e+00  -1.1652709e+00   1.0000000e+00
   2.7568312e+00   3.1671949e+00   1.0000000e+00
  -2.0061902e+00   7.0268959e-01   1.0000000e+00
   1.0233795e+00  -5.5449327e-01   1.0000000e+00
   9.4242876e-01   1.7071725e+00   1.0000000e+00
   1.9776605e+00   1.1394203e+00   1.0000000e+00
  -2.1343676e+00   6.5186044e-01   1.0000000e+00
   3.3247500e+00   4.9160698e-01   1.0000000e+00
   3.3756757e+00   6.8312850e-01   1.0000000e+00
  -1.8200604e+00   3.4297830e-01   1.0000000e+00
   2.1905914e+00   1.9667834e+00   1.0000000e+00
   3.6075666e+00   2.9462975e+00   1.0000000e+00
  -1.5029846e+00   1.3264504e+00   1.0000000e+00
   1.8851870e+00   1.7953914e+00   1.0000000e+00
  -1.9690460e+00   5.9910131e-01   1.0000000e+00
  -2.8830710e+00   1.1559888e+00   1.0000000e+00
   3.4050259e+00   1.0140246e+00   1.0000000e+00
   2.9130618e+00   2.7189989e+00   1.0000000e+00
  -2.3007570e+00   4.3849185e-01   1.0000000e+00
  -2.3015380e+00  -3.7975979e-01   1.0000000e+00
   1.6119254e+00  -3.9228679e-01   1.0000000e+00
   4.6698559e+00   2.1934950e+00   1.0000000e+00
   3.2444781e+00   3.0208271e+00   1.0000000e+00
  -2.8648665e+00   1.4442178e+00   1.0000000e+00
   3.2470950e+00   1.0086484e+00   1.0000000e+00
   3.6669306e+00   4.1531538e+00   1.0000000e+00
   5.8954032e+00   3.4787307e+00   1.0000000e+00
   2.0896934e+00   1.3958210e+00   1.0000000e+00
  -2.1713463e+00   6.5319491e-01   1.0000000e+00
  -2.4919085e+00  -2.8138937e-01   1.0000000e+00
   9.4529295e-01  -3.0272443e-01   1.0000000e+00
   2.1030285e+00   3.4270423e+00   1.0000000e+00
  -3.0460376e+00  -8.0161975e-01   1.0000000e+00
   1.4250736e+00   6.0338308e-01   1.0000000e+00
   1.7398891e+00   1.6990705e-01   1.0000000e+00
  -5.0588156e-01   2.0612990e+00   1.0000000e+00
  -1.8987353e+00   1.4195869e+00   1.0000000e+00
   5.4191845e+00   2.5211522e+00   1.0000000e+00
   2.2682393e+00   2.3130940e+00   1.0000000e+00
   2.6493964e+00   3.3936066e+00   1.0000000e+00
  -3.9695125e+00  -1.4310035e+00   1.0000000e+00
   5.9216023e+00   3.9054461e-01   1.0000000e+00
   2.3847908e+00   1.4224483e+00   1.0000000e+00
  -1.6798371e+00   1.1714925e+00   1.0000000e+00
  -2.0793389e+00   1.1564773e+00   1.0000000e+00
  -1.5597220e+00   2.6162788e+00   1.0000000e+00
   3.1204024e+00   3.0735649e+00   1.0000000e+00
   3.9388852e+00   2.5376291e+00   1.0000000e+00
  -1.2028885e+00   1.2675894e+00   1.0000000e+00
  -3.1930300e+00  -3.1262701e-01   1.0000000e+00
   3.0425652e+00   2.7649762e+00   1.0000000e+00
   1.4604737e-01   2.6048282e+00   1.0000000e+00
   3.3079065e+00   1.7216420e+00   1.0000000e+00
   9.0008980e-01  -1.6035275e+00   1.0000000e+00
   2.0876412e+00  -3.3843685e-02   1.0000000e+00
   3.0532607e+00   1.0986051e+00   1.0000000e+00
   2.7176313e+00   9.7372393e-01   1.0000000e+00
   3.7981617e+00   2.0422912e+00   1.0000000e+00
   3.7609598e+00  -7.8649162e-01   1.0000000e+00
  -1.4836001e+00   2.8503349e+00   1.0000000e+00
   3.4176732e+00   1.8589572e+00   1.0000000e+00
   2.4001553e+00  -5.1566843e-01   1.0000000e+00
   1.4423976e+00   3.6171695e+00   1.0000000e+00
   2.1489011e+00   2.3862539e+00   1.0000000e+00
  -3.2886949e+00  -3.3949373e-01   1.0000000e+00
  -2.4936142e-01   2.6507452e-01   1.0000000e+00
   3.1258938e+00   4.0648637e+00   1.0000000e+00
   2.4042925e+00   1.2112977e+00   1.0000000e+00
   5.3534629e+00   3.8910768e+00   1.0000000e+00
   4.1034052e+00   2.0663668e+00   1.0000000e+00
   1.0298585e+00  -2.0619806e-01   1.0000000e+00
   1.9899528e+00   1.7938671e+00   1.0000000e+00
   3.7394008e+00  -4.0588844e-01   1.0000000e+00
   2.9575479e+00   3.7078954e+00   1.0000000e+00
   8.2727083e-01   1.6796167e+00   1.0000000e+00
  -2.7631843e+00  -5.3976579e-02   1.0000000e+00
  -2.2205473e+00   9.2575507e-01   1.0000000e+00
   1.9304020e+00   1.1406457e+00   1.0000000e+00
  -8.0285987e-01   2.1072152e+00   1.0000000e+00
   5.8329011e-01   7.9026696e-01   1.0000000e+00
  -4.7325135e-01   2.8352018e+00   1.0000000e+00
   5.8818237e+00   3.7701866e+00   1.0000000e+00
   3.0859626e+00   3.8615980e+00   1.0000000e+00
  -1.7802636e+00   1.2622770e+00   1.0000000e+00
   5.6302538e+00   3.3574006e+00   1.0000000e+00
   4.8323416e+00   6.9892529e-01   1.0000000e+00
   1.5385651e+00   2.3486360e+00   1.0000000e+00
   4.6942340e+00   2.3866007e+00   1.0000000e+00
   2.7594174e+00   2.9617255e+00   1.0000000e+00
   3.0157282e+00   2.2235812e+00   1.0000000e+00
   9.6846653e-01   4.1479916e-01   1.0000000e+00
  -1.5425010e+00   2.1022433e+00   1.0000000e+00
  -3.1058134e+00   1.0919360e-01   1.0000000e+00
  -1.6512260e+00   1.7054892e+00   1.0000000e+00
   3.7330182e+00   4.2205532e+00   1.0000000e+00
   4.9499219e+00   1.4989666e+00   1.0000000e+00
   1.4926392e+00   5.7682261e-01   1.0000000e+00
   1.6932113e+00   5.1747443e-01   1.0000000e+00
  -4.7200282e+00  -6.6222982e-01   1.0000000e+00
   3.0811305e+00   3.2620913e+00   1.0000000e+00
   3.5961787e+00   3.3348504e+00   1.0000000e+00
   4.2237317e+00   3.5370159e+00   1.0000000e+00
   4.1717623e+00   1.6760329e+00   1.0000000e+00
  -1.8395023e+00   1.0665488e+00   1.0000000e+00
   2.9914000e+00   1.2695967e+00   1.0000000e+00
   2.7014042e+00   1.8565016e+00   1.0000000e+00
   4.4495650e+00   2.8291898e+00   1.0000000e+00
   1.4751885e+00   1.1562539e+00   1.0000000e+00
   3.1833904e+00   3.3557701e+00   1.0000000e+00
   3.2628594e+00   1.5527668e+00   1.0000000e+00
   2.4253000e+00  -5.9416528e-01   1.0000000e+00
   6.2625692e+00   2.3533591e+00   1.0000000e+00
   2.9804924e+00   3.3131540e+00   1.0000000e+00
   4.6495034e+00   4.5950181e+00   1.0000000e+00
   2.9662809e+00   2.9129919e+00   1.0000000e+00
   4.0871730e+00   3.5475385e+00   1.0000000e+00
   2.2634468e+00   1.1292993e-01   1.0000000e+00
  -5.8998178e-01   3.1350509e+00   1.0000000e+00
   3.8672012e+00   3.6163334e+00   1.0000000e+00
   3.8990617e+00   2.7949208e+00   1.0000000e+00
  -3.2000884e+00   7.6021625e-01   1.0000000e+00
   4.6836540e+00   1.7597987e+00   1.0000000e+00
   2.4437206e+00   3.0532692e+00   1.0000000e+00
   4.5664776e+00   3.3833736e+00   1.0000000e+00
  -4.2935422e-01   5.5725803e-01   1.0000000e+00
   5.2909809e+00   3.1685481e+00   1.0000000e+00
   1.6314520e+00   2.8077028e+00   1.0000000e+00
  -2.1039941e+00   5.2169842e-01   1.0000000e+00
   7.7177713e-01  -7.1019261e-02   1.0000000e+00
   4.1684387e+00   3.6679414e+00   1.0000000e+00
   3.2421949e+00   1.7105496e+00   1.0000000e+00
   3.0855897e+00   3.6791625e+00   1.0000000e+00
  -2.8699599e+00   1.0282976e+00   1.0000000e+00
   1.6611183e+00  -2.5795015e+00   1.0000000e+00
   1.5420905e+00   1.0732884e+00   1.0000000e+00
   1.8107808e+00   7.2441506e-01   1.0000000e+00
   2.5843621e+00   3.7549418e+00   1.0000000e+00
  -1.7397029e+00   1.7591029e+00   1.0000000e+00
  -2.1456318e+00   1.9214080e-01   1.0000000e+00
   3.4146491e+00   1.3701809e+00   1.0000000e+00
   4.0483784e+00   3.7554284e+00   1.0000000e+00
   4.9714642e+00   3.9280992e+00   1.0000000e+00
   3.0571637e+00   2.8585371e+00   1.0000000e+00
   4.8837556e+00   2.3992600e+00   1.0000000e+00
   4.4829690e+00   3.6143689e+00   1.0000000e+00
  -2.7469051e+00   1.2169280e+00   1.0000000e+00
   1.2605125e+00   7.3264911e-01   1.0000000e+00
   2.3130720e+00   1.8250805e-01   1.0000000e+00
   2.3077285e-01   1.7787387e+00   1.0000000e+00
   1.5266864e+00   3.5899473e+00   1.0000000e+00
   3.0638225e+00   1.7981345e+00   1.0000000e+00
   1.0480561e+00   1.4617556e+00   1.0000000e+00
   4.4567097e+00   3.7283350e+00   1.0000000e+00
   3.7199423e+00   3.0704373e+00   1.0000000e+00
  -2.5258951e+00   5.2045604e-01   1.0000000e+00
   3.0700862e+00   1.8041418e+00   1.0000000e+00
  -4.1182225e+00  -1.0052939e+00   1.0000000e+00
  -2.3567487e+00   6.8597122e-01   1.0000000e+00
   8.5809340e-01   1.0899036e+00   1.0000000e+00
   1.5287689e+00  -2.8004066e-01   1.0000000e+00
   5.1993851e+00   3.1781314e+00   1.0000000e+00
  -2.9700608e+00  -1.0359674e-01   1.0000000e+00
   3.0730001e+00   2.0493850e+00   1.0000000e+00
   2.9955346e+00   2.3194789e+00   1.0000000e+00
   2.3077683e+00   2.3745332e+00   1.0000000e+00
   2.4714772e+00   1.2674093e+00   1.0000000e+00
   4.8131860e+00   5.3635220e+00   1.0000000e+00
   5.0297295e+00   2.4827912e+00   1.0000000e+00
   3.8094913e+00   1.3366312e+00   1.0000000e+00
   4.8724363e+00   4.5179137e+00   1.0000000e+00
   5.7207961e+00   5.6267187e-01   1.0000000e+00
   4.2143348e+00   3.8559701e+00   1.0000000e+00
   1.2794771e+00   3.3979080e+00   1.0000000e+00
  -2.9284094e+00  -1.0872373e-01   1.0000000e+00
   2.3196899e+00   5.5370005e-01   1.0000000e+00
   3.8014604e+00   1.1360625e+00   1.0000000e+00
   3.0285644e+00   6.3365644e-01   1.0000000e+00
   2.1313728e+00   1.3687228e+00   1.0000000e+00
   3.2684426e+00  -1.0163568e+00   1.0000000e+00
  -4.6463730e-01   2.7949692e+00   1.0000000e+00
  -3.8065475e+00  -3.4627498e-01   1.0000000e+00
   3.9497003e-01   1.8184083e+00   1.0000000e+00
   2.7778865e+00   3.5562898e+00   1.0000000e+00
   3.7067703e+00   3.2992363e+00   1.0000000e+00
  -2.5808484e+00   1.0224816e+00   1.0000000e+00
   3.1504163e+00   8.9053297e-01   1.0000000e+00
   1.8663983e+00   2.2591066e+00   1.0000000e+00
  -2.7831307e+00   9.0522184e-01   1.0000000e+00
   1.9177669e+00  -9.0327223e-01   1.0000000e+00
   5.9634104e+00   4.6319595e+00   1.0000000e+00
   4.5669959e+00   2.2366551e+00   1.0000000e+00
  -4.8192733e+00  -3.6666801e-01   1.0000000e+00
  -8.3565059e-01   1.5257655e+00   1.0000000e+00
   2.4039262e-02   2.1416770e+00   1.0000000e+00
  -1.7724495e+00   1.4079272e+00   1.0000000e+00
   4.3147131e+00   2.9960892e+00   1.0000000e+00
   3.2043759e+00   1.0070670e+00   1.0000000e+00
   3.1813920e+00   2.5989140e-01   1.0000000e+00
   2.8046952e+00   2.1961318e+00   1.0000000e+00
   3.5909782e+00   2.6950349e+00   1.0000000e+00
  -2.7733337e+00   6.2000945e-01   1.0000000e+00
   3.7588512e+00   2.5102274e+00   1.0000000e+00
   5.4584576e-01   2.8862434e+00   1.0000000e+00
  -1.0857367e+00   2.7476662e+00   1.0000000e+00
   4.5382828e+00   2.2547286e+00   1.0000000e+00
   1.9391530e+00   3.5074105e+00   1.0000000e+00
  -1.8031585e+00   1.4543500e+00   1.0000000e+00
   2.3029736e+00   2.4888013e+00   1.0000000e+00
   3.7687365e+00   1.4099709e+00   1.0000000e+00
   1.9930081e+00   6.5423743e-01   1.0000000e+00
   1.9673960e+00  -4.4798503e-01   1.0000000e+00
   5.6065181e+00   5.3698100e+00   1.0000000e+00
  -2.1173489e+00   1.0341361e+00   1.0000000e+00
   4.5731500e+00   3.8074398e+00   1.0000000e+00
  -9.4086392e-01   1.9250479e+00   1.0000000e+00
   4.3145278e+00   1.8488270e+00   1.0000000e+00
   3.9187681e+00   2.3847903e+00   1.0000000e+00
   3.5872513e+00   2.2643274e+00   1.0000000e+00
   5.1901439e+00   2.1551685e+00   1.0000000e+00
   7.0920627e-01   4.7951006e-01   1.0000000e+00
   3.7897921e+00   2.9804137e+00   1.0000000e+00
   8.0648830e-01  -8.1056770e-02   1.0000000e+00
   3.8558241e+00   3.3766306e+00   1.0000000e+00
   4.3703966e+00   4.0756127e+00   1.0000000e+00
  -4.1934528e+00  -1.3778504e+00   1.0000000e+00
   2.9235449e+00   4.9683497e+00   1.0000000e+00
   5.5619190e+00   3.4965443e+00   1.0000000e+00
  -1.1244341e+00   1.6021222e+00   1.0000000e+00
   4.2464536e+00   2.3364680e+00   1.0000000e+00
   2.3232859e+00   3.5072613e+00   1.0000000e+00
  -6.3937793e-01   2.5115123e+00   1.0000000e+00
   2.8861277e+00   8.5792379e-01   1.0000000e+00
  -1.2874155e+00   1.8842360e+00   1.0000000e+00
  -4.1172629e-01   2.0353805e+00   1.0000000e+00
   1.2646971e+00   1.0376602e+00   1.0000000e+00
   9.7245619e-01  -8.8262171e-01   1.0000000e+00
  -1.8681794e+00   2.2812184e+00   1.0000000e+00
  -7.1913108e-01   7.6167963e-01   1.0000000e+00
   3.4517498e+00  -1.9402417e-01   1.0000000e+00
  -2.4885830e+00   1.3017335e-01   1.0000000e+00
  -2.2136530e+00   8.8459187e-01   1.0000000e+00
  -4.1505836e-01   3.0280331e+00   1.0000000e+00
   2.2592463e+00   1.3160868e+00   1.0000000e+00
  -1.6995385e+00   1.6600336e+00   1.0000000e+00
   4.5457414e+00   2.7345998e+00   1.0000000e+00
   3.9707864e+00   3.6658514e+00   1.0000000e+00
   5.7742876e-01   8.9129369e-01   1.0000000e+00
   4.6473902e+00   4.7853265e+00   1.0000000e+00
   9.6230464e-01   2.6678614e+00   1.0000000e+00
   3.3265911e+00   4.5102761e+00   1.0000000e+00
   4.6452566e+00   1.3722825e+00   1.0000000e+00
   1.7508928e+00   3.6435856e+00   1.0000000e+00
  -1.9875923e+00   5.7542978e-01   1.0000000e+00
   2.7967343e+00   6.2202059e-01   1.0000000e+00
   2.8610802e+00   6.6224689e-01   1.0000000e+00
   1.0743522e+00   3.2449146e+00   1.0000000e+00
  -1.5623339e+00   1.7126425e+00   1.0000000e+00
  -2.0090373e+00   1.1293912e+00   1.0000000e+00
  -1.4803420e+00  -1.0847828e-01   1.0000000e+00
  -3.4598004e+00  -5.8113019e-01   1.0000000e+00
   2.9757703e+00   1.7580652e+00   1.0000000e+00
   1.5447610e+00  -9.2697601e-01   1.0000000e+00
   4.0087894e+00   4.5317601e+00   1.0000000e+00
  -3.3841814e+00  -6.6474921e-02   1.0000000e+00
   2.2228018e+00  -9.9594311e-02   1.0000000e+00
   2.6584399e+00   3.8100398e+00   1.0000000e+00
   2.8679969e+00   3.9247552e+00   1.0000000e+00
   2.9053589e+00   1.5482253e+00   1.0000000e+00
   2.6731074e+00   2.1826075e+00   1.0000000e+00
  -5.3987218e+00  -1.6037057e+00   1.0000000e+00
  -7.5792479e-01   9.0487226e-01   1.0000000e+00
   8.2616305e-01   7.3359480e-01   1.0000000e+00
  -2.0278438e+00   1.1522107e+00   1.0000000e+00
  -1.9362061e+00   6.9484533e-01   1.0000000e+00
   1.9509497e+00  -1.5159907e-01   1.0000000e+00
   2.6859930e+00   3.0788506e+00   1.0000000e+00
   3.0295299e+00   2.2905984e-01   1.0000000e+00
   5.3907065e+00   4.0568274e+00   1.0000000e+00
   1.8150024e+00   1.9466049e+00   1.0000000e+00
   3.5986526e+00   1.8955740e+00   1.0000000e+00
   5.4133820e+00   3.4047949e+00   1.0000000e+00
  -3.2713162e+00  -1.1287221e+00   1.0000000e+00
   5.2169059e+00   4.1653877e+00   1.0000000e+00
   3.1789100e+00   1.5451835e+00   1.0000000e+00
  -2.2947794e+00   7.1990832e-01   1.0000000e+00
   4.5171266e+00   2.6550992e+00   1.0000000e+00
  -1.1239552e+00   1.3275693e+00   1.0000000e+00
   5.5634584e+00   3.2877863e+00   1.0000000e+00
   6.8446902e+00   2.0102973e+00   1.0000000e+00
   1.6941359e+00   3.6135947e+00   1.0000000e+00
   2.0552908e+00   1.7469650e+00   1.0000000e+00
  -1.8368124e+00   1.5257363e+00   1.0000000e+00
   3.7425650e+00   2.2437709e+00   1.0000000e+00
  -1.6510724e+00   1.4766232e+00   1.0000000e+00
   2.3256756e+00   5.8692381e-01   1.0000000e+00
   3.8523477e+00   5.8566317e-01   1.0000000e+00
   2.7007039e-01   5.7658005e-02   1.0000000e+00
   7.6542801e-03   1.1282980e+00   1.0000000e+00
   2.3645941e+00   1.8898992e+00   1.0000000e+00
   1.5818767e+00  -3.5271559e-02   1.0000000e+00
   1.7806997e+00   2.1530555e+00   1.0000000e+00
  -1.5668253e+00   1.4061413e+00   1.0000000e+00
   2.3413791e+00   1.5632921e+00   1.0000000e+00
  -2.6438043e+00   4.8754761e-01   1.0000000e+00
   4.2475366e+00   4.0605466e+00   1.0000000e+00
   1.3901763e+00   1.8329200e-01   1.0000000e+00
  -1.7565196e+00  -1.3231656e-01   1.0000000e+00
   5.6443607e+00   2.9072984e+00   1.0000000e+00
  -2.9102406e+00   1.2693689e+00   1.0000000e+00
  -1.8973675e+00   8.4482582e-01   1.0000000e+00
   3.5526206e+00   3.2914042e+00   1.0000000e+00
  -2.8125300e+00   8.4356522e-01   1.0000000e+00
   1.2304290e+00   3.1468349e+00   1.0000000e+00
   4.7815246e+00   2.7383465e+00   1.0000000e+00
   3.2017043e+00   1.2880219e+00   1.0000000e+00
   2.0768807e+00   2.7036864e+00   1.0000000e+00
   2.1588101e+00   4.1646980e-02   1.0000000e+00
  -3.5344578e+00   3.1564352e-01   1.0000000e+00
   2.0527983e+00   7.9315006e-01   1.0000000e+00
  -2.5170792e+00   9.6920327e-01   1.0000000e+00
   3.5479080e+00   4.9590272e+00   1.0000000e+00
   3.4886789e+00   7.2884916e-01   1.0000000e+00
   3.7160443e-01   3.2212983e+00   1.0000000e+00
   2.7188564e+00   3.0546910e+00   1.0000000e+00
   2.3531134e+00  -3.0657836e-01   1.0000000e+00
   3.9799826e+00   3.3834894e+00   1.0000000e+00
   4.8644914e+00   3.1329757e+00   1.0000000e+00
  -3.0142497e-01   2.2032709e+00   1.0000000e+00
   2.6160453e+00   8.2682481e-01   1.0000000e+00
   1.6551533e+00   7.6467628e-01   1.0000000e+00
   3.5081026e+00   1.6178830e+00   1.0000000e+00
  -1.7864056e+00   2.2003953e+00   1.0000000e+00
  -2.9285690e+00  -9.9025456e-01   1.0000000e+00
   2.4083614e+00   1.3976219e+00   1.0000000e+00
  -3.8441298e+00  -6.3482377e-01   1.0000000e+00
  -2.5212519e+00   1.0411291e+00   1.0000000e+00
  -2.1185829e+00   1.0715188e+00   1.0000000e+00
   3.7414475e+00   1.8946427e+00   1.0000000e+00
   3.4024433e+00   1.4550966e+00   1.0000000e+00
   2.4970375e+00   3.7902605e+00   1.0000000e+00
   8.9613663e-01   1.3959041e-01   1.0000000e+00
   1.7514137e+00   4.9069813e+00   1.0000000e+00
  -2.5515399e+00   1.5876478e+00   1.0000000e+00
   4.5315154e+00   4.1513699e+00   1.0000000e+00
   1.9110130e+00   1.7983637e+00   1.0000000e+00
  -1.3851384e+00   1.3340347e+00   1.0000000e+00
   2.8390989e+00   2.3003390e+00   1.0000000e+00
  -4.4897270e-01   3.0925227e+00   1.0000000e+00
  -1.4066004e+00   7.5709608e-01   1.0000000e+00
   3.9093650e+00   2.1269916e+00   1.0000000e+00
   1.8786159e+00   1.3934931e+00   1.0000000e+00
   6.6752334e-01   8.1509233e-01   1.0000000e+00
   3.1414419e+00   3.4097188e+00   1.0000000e+00
   1.7971193e+00   1.1782334e+00   1.0000000e+00
   3.8927807e-01   1.1998065e+00   1.0000000e+00
   2.1260152e+00   2.2180788e+00   1.0000000e+00
  -1.0660908e+00   9.3863713e-01   1.0000000e+00
   4.0163538e+00   2.5553179e+00   1.0000000e+00
   2.5116271e+00   1.4964694e+00   1.0000000e+00
  -1.6073509e+00   1.6923807e+00   1.0000000e+00
   3.2633946e+00   3.0076853e+00   1.0000000e+00
  -3.6022460e+00  -7.4746088e-01   1.0000000e+00
   2.9738012e+00   1.6488085e+00   1.0000000e+00
   5.0573513e+00   2.3415496e+00   1.0000000e+00
  -1.7203235e+00   6.2700787e-01   1.0000000e+00
   3.6537660e+00   3.2327410e+00   1.0000000e+00
  -1.6147768e+00   8.3976734e-01   1.0000000e+00
  -3.7842356e+00  -2.9458427e-01   1.0000000e+00
   3.7867080e+00   7.5039566e-01   1.0000000e+00
  -1.9269799e+00   4.0035380e-01   1.0000000e+00
   2.0020726e+00   1.0691355e+00   1.0000000e+00
  -1.0213860e+00   1.9233787e+00   1.0000000e+00
  -4.3236546e+00  -6.7509742e-01   1.0000000e+00
   2.7694663e+00   1.1577980e+00   1.0000000e+00
   4.0019316e+00   2.3250042e+00   1.0000000e+00
   2.6836580e+00   2.6718281e+00   1.0000000e+00
   2.7658526e+00   2.8473318e+00   1.0000000e+00
   2.9972611e+00   2.3493675e+00   1.0000000e+00
   2.1292042e+00   9.3013244e-05   1.0000000e+00
  -2.2580877e+00   9.5495650e-01   1.0000000e+00
   1.6031933e+00   8.3905535e-01   1.0000000e+00
   3.6686856e+00   2.1710767e+00   1.0000000e+00
  -1.9399861e+00   1.1515364e+00   1.0000000e+00
  -1.2479637e+00   1.2625983e+00   1.0000000e+00
   3.2619344e+00   2.9465805e+00   1.0000000e+00
   9.3244118e-01   9.6363567e-01   1.0000000e+00
   3.1941525e+00   1.4318041e+00   1.0000000e+00
   3.3147463e+00   3.1538244e+00   1.0000000e+00
   1.1604571e+00   2.8342898e-01   1.0000000e+00
   4.3171406e+00   1.3804230e+00   1.0000000e+00
   3.7564002e+00   3.5804967e+00   1.0000000e+00
   3.0782346e+00   1.8456093e+00   1.0000000e+00
   2.0135428e-02   2.6167292e+00   1.0000000e+00
   3.8880355e+00   4.4860918e+00   1.0000000e+00
  -1.9015290e+00   8.5505259e-01   1.0000000e+00
  -2.0455852e+00  -1.4044423e-03   1.0000000e+00
   8.8378288e-01   1.3686017e+00   1.0000000e+00
   1.6640098e+00   2.4095323e+00   1.0000000e+00
   2.0468858e+00   7.9283519e-01   1.0000000e+00
   4.6834096e+00   2.5393635e+00   1.0000000e+00
   9.1323290e-01   1.8104618e+00   1.0000000e+00
   4.3143464e+00   2.4986330e+00   1.0000000e+00
   2.4503422e+00  -2.0092264e-01   1.0000000e+00
   4.7221545e+00   3.7409812e+00   1.0000000e+00
  -1.9460902e+00   2.4927286e+00   1.0000000e+00
   3.3356352e+00   2.3519597e+00   1.0000000e+00
   2.7806483e+00   1.9353569e+00   1.0000000e+00
   3.8937733e+00   2.1153854e+00   1.0000000e+00
   1.1682671e+00  -6.9755737e-01   1.0000000e+00
   4.2974707e+00   1.9819843e+00   1.0000000e+00
   2.8853646e+00   5.0330272e+00   1.0000000e+00
  -9.5921213e-01   1.7411817e+00   1.0000000e+00
   4.0979552e+00   1.6933172e+00   1.0000000e+00
  -4.5062805e+00  -8.8852872e-01   1.0000000e+00
  -2.8320169e+00   8.2155600e-01   1.0000000e+00
   3.3331088e+00   4.5701161e+00   1.0000000e+00
  -7.9005462e-01   2.2999099e+00   1.0000000e+00
   3.3742159e+00   3.2459739e+00   1.0000000e+00
  -1.5443384e+00   1.7283473e+00   1.0000000e+00
   3.5592816e+00   6.8729882e-01   1.0000000e+00
   1.2896180e+00   2.0072771e+00   1.0000000e+00
  -1.4527324e+00   2.4279637e+00   1.0000000e+00
   3.1299056e+00   1.6361601e+00   1.0000000e+00
  -1.0399021e+00   2.0820519e+00   1.0000000e+00
  -2.0832427e+00   1.4572979e+00   1.0000000e+00
   1.5444418e+00  -8.5930611e-02   1.0000000e+00
  -4.3393747e+00  -1.3325105e+00   1.0000000e+00
   2.0483425e-01   3.2104056e+00   1.0000000e+00
  -2.5774914e+00   4.5541033e-01   1.0000000e+00
   3.4621306e+00   3.1851639e+00   1.0000000e+00
  -3.2766192e+00   5.1101971e-01   1.0000000e+00
   4.4581831e+00   3.5421133e+00   1.0000000e+00
   3.8090079e+00   3.3799777e+00   1.0000000e+00
  -2.6839912e+00   5.5634037e-01   1.0000000e+00
   2.8359852e+00   2.6307272e+00   1.0000000e+00
  -1.7658531e+00   3.4396004e-01   1.0000000e+00
   1.8834185e+00   1.0883902e+00   1.0000000e+00
   1.1633258e+00   4.6635330e-02   1.0000000e+00
   3.2553557e+00   4.5569404e+00   1.0000000e+00
   5.3760539e+00   1.5625561e+00   1.0000000e+00
  -2.2748763e+00   1.2324648e+00   1.0000000e+00
   3.3103657e+00   2.9355408e-01   1.0000000e+00
  -1.7303188e+00   2.0000226e+00   1.0000000e+00
   3.0422579e+00   2.1718880e+00   1.0000000e+00
   3.9502513e+00   4.0190068e+00   1.0000000e+00
   2.7238601e+00   2.4638206e+00   1.0000000e+00
   3.8331084e+00   2.5269769e+00   1.0000000e+00
   2.7717485e+00   6.8037924e-01   1.0000000e+00
  -1.8676502e+00   1.3848839e+00   1.0000000e+00
   4.3235741e+00   3.1931081e+00   1.0000000e+00
   2.6292737e+00   2.4418483e+00   1.0000000e+00
   2.1694895e+00   2.4677269e+00   1.0000000e+00
  -1.9071184e+00   1.5256883e-01   1.0000000e+00
  -7.9345240e-01   1.0511724e+00   1.0000000e+00
   5.7236384e+00   4.9785391e+00   1.0000000e+00
  -1.9187397e+00   1.7396047e+00   1.0000000e+00
   1.9910600e+00   2.9587336e-01   1.0000000e+00
  -8.1155975e-01   2.4214644e+00   1.0000000e+00
   2.9482507e+00   1.3082554e+00   1.0000000e+00
   3.4814580e+00   2.3744630e+00   1.0000000e+00
  -2.3428004e+00   2.5897328e-01   1.0000000e+00
   2.7901815e+00   3.0230847e+00   1.0000000e+00
  -2.3897542e+00   8.0341991e-01   1.0000000e+00
   3.0787379e+00   5.3375164e-01   1.0000000e+00
  -1.9970702e+00   8.0999188e-01   1.0000000e+00
   2.8910128e+00   2.9572972e+00   1.0000000e+00
  -1.4464509e+00   7.0798858e-01   1.0000000e+00
  -1.6583085e+00   2.1547559e+00   1.0000000e+00
  -2.7584597e-01  -1.8642679e+00   1.0000000e+00
  -1.3906926e+00   1.1777962e+00   1.0000000e+00
   2.2795233e+00   1.0941324e+00   1.0000000e+00
  -2.5332040e+00   5.1186497e-01   1.0000000e+00
  -8.3355193e-02   1.7822666e+00   1.0000000e+00
   2.7890593e+00   1.3149146e+00   1.0000000e+00
   1.9575953e+00   2.9194327e+00   1.0000000e+00
   3.7849540e+00   9.2106434e-01   1.0000000e+00
   8.1382972e-01   1.6202520e+00   1.0000000e+00
   2.4578884e+00   3.1987815e+00   1.0000000e+00
  -9.0057586e-01   1.2096175e+00   1.0000000e+00
   2.1448049e+00   8.5046768e-01   1.0000000e+00
   4.0997325e+00   4.0412638e+00   1.0000000e+00
  -3.6457010e+00  -2.2687290e-01   1.0000000e+00
   3.9635985e+00   4.7528702e+00   1.0000000e+00
   3.4714973e+00   2.1223197e+00   1.0000000e+00
   3.2417077e+00   1.8970633e+00   1.0000000e+00
   1.6942045e+00  -1.0795252e+00   1.0000000e+00
   3.4151833e+00   1.8062715e+00   1.0000000e+00
  -3.1933752e+00  -6.7518946e-01   1.0000000e+00
   3.7599658e+00   1.6433006e+00   1.0000000e+00
   4.2692694e+00   4.1835226e+00   1.0000000e+00
   2.6653251e+00   1.1686406e+00   1.0000000e+00
   4.7926061e+00   1.3316488e+00   1.0000000e+00
  -4.0152657e+00  -1.0602672e+00   1.0000000e+00
  -2.4582161e+00   2.2957858e+00   1.0000000e+00
   4.8081621e+00   4.6295964e+00   1.0000000e+00
   4.3248496e+00   2.2528849e+00   1.0000000e+00
   1.9320780e+00   1.5958128e+00   1.0000000e+00
  -3.2114625e+00   7.4118491e-01   1.0000000e+00
  -2.5851052e+00  -1.1798492e+00   1.0000000e+00
   3.6031606e+00   4.3649664e+00   1.0000000e+00
   1.2686237e+00  -4.7276037e-01   1.0000000e+00
   3.7631967e+00   1.7153268e+00   1.0000000e+00
  -1.2504153e-02   1.8948943e+00   1.0000000e+00
   3.2530438e+00   9.6650469e-01   1.0000000e+00
  -1.4716161e+00   2.3047471e+00   1.0000000e+00
   2.5944546e+00   3.1599237e+00   1.0000000e+00
   2.0791259e+00  -7.0058621e-01   1.0000000e+00
  -1.1146275e+00   1.1644490e+00   1.0000000e+00
   2.2992000e+00   1.6184493e+00   1.0000000e+00
   5.6165861e-01   1.3091030e+00   1.0000000e+00
   1.1431315e+00   1.5967505e+00   1.0000000e+00
   1.3068704e+00   5.8587505e-01   1.0000000e+00
   2.1831266e+00   7.6708147e-01   1.0000000e+00
   3.5051921e+00   2.2569594e+00   1.0000000e+00
   3.8435520e-01  -6.4692314e-01   1.0000000e+00
  -2.8112158e+00  -5.4020512e-02   1.0000000e+00
   2.9313241e+00   1.5026737e+00   1.0000000e+00
   8.6749355e-01   1.2404308e+00   1.0000000e+00
   3.0512504e+00  -2.0877179e+00   1.0000000e+00
  -1.0908069e+00   2.2083192e+00   1.0000000e+00
  -7.6835797e-01   2.3771657e+00   1.0000000e+00
   3.2251256e+00   3.2022075e+00   1.0000000e+00
   3.8201809e+00   3.0250597e+00   1.0000000e+00
   2.8352768e+00   1.4663075e+00   1.0000000e+00
   3.4062143e+00  -7.0192795e-01   1.0000000e+00
   4.2464486e+00   2.2016113e+00   1.0000000e+00
   3.6039939e+00  -2.0796225e-01   1.0000000e+00
   3.8364251e+00   1.0485461e+00   1.0000000e+00
   1.7363264e+00   1.0312527e+00   1.0000000e+00
  -2.7156578e+00   6.4451964e-01   1.0000000e+00
   3.3032892e+00   4.0184645e+00   1.0000000e+00
  -2.4734091e+00   5.8326813e-01   1.0000000e+00
  -2.5008001e+00   1.0208758e+00   1.0000000e+00
